0 0.166667 0.801645 0.165365 0.804388 0.165365 0.806216 0.165365 0.808958 0.167969 0.810786 0.169271 0.813528 0.169922 0.816271 0.169271 0.818099 0.169922 0.820841 0.171875 0.821755 0.171875 0.824497 0.173828 0.822669 0.172526 0.820841 0.171875 0.821755 0.169922 0.819013 0.174479 0.813528 0.173177 0.810786 0.173177 0.804388 0.171875 0.802559 0.169271 0.801645
0 0.218750 0.799817 0.212891 0.801645 0.214193 0.806216 0.213542 0.808044 0.214844 0.811700 0.216146 0.811700 0.218099 0.808958 0.218750 0.807130
0 0.192057 0.781536 0.190755 0.784278 0.190755 0.786106 0.191406 0.789762 0.191406 0.793419 0.192708 0.793419 0.194661 0.790676 0.194661 0.789762 0.195964 0.787934 0.195312 0.786106 0.196615 0.782450 0.194661 0.781536 0.193359 0.781536
0 0.175781 0.766910 0.175130 0.769653 0.177083 0.769653 0.178385 0.771481 0.177083 0.776051 0.177734 0.777879 0.175130 0.779707 0.175781 0.787934 0.177734 0.787020 0.177734 0.786106 0.180339 0.780622 0.179036 0.778793 0.179688 0.774223 0.180339 0.773309 0.180990 0.771481 0.179036 0.770567 0.179036 0.766910 0.177734 0.765996
0 0.442057 0.751371 0.442708 0.752285 0.441406 0.755941 0.444661 0.755941 0.447266 0.758684 0.447266 0.760512 0.447917 0.761426 0.447917 0.763254 0.446615 0.766910 0.447917 0.766910 0.448568 0.765996 0.451172 0.765082 0.449870 0.758684 0.447917 0.757770 0.447917 0.755027 0.449870 0.753199 0.450521 0.751371 0.447917 0.752285 0.445964 0.750457 0.444010 0.750457
0 0.207031 0.740402 0.205729 0.741316 0.207031 0.740402 0.208333 0.742230 0.209635 0.744973 0.210286 0.746801 0.209635 0.753199 0.210938 0.752285 0.213542 0.750457 0.213542 0.745887 0.213542 0.744059 0.214193 0.742230 0.216146 0.741316 0.214844 0.741316 0.212891 0.740402
0 0.410156 0.738574 0.408854 0.738574 0.410807 0.739488 0.412109 0.742230 0.417969 0.742230 0.421224 0.744059 0.419922 0.746801 0.418620 0.746801 0.416667 0.744973 0.414714 0.748629 0.417318 0.748629 0.417969 0.747715 0.422526 0.747715 0.421224 0.746801 0.421875 0.741316 0.421224 0.739488 0.416667 0.739488 0.414714 0.737660 0.413411 0.737660
0 0.152344 0.732176 0.152344 0.736746 0.153646 0.738574 0.153646 0.741316 0.151693 0.742230 0.152344 0.744059 0.150391 0.746801 0.150391 0.748629 0.149089 0.751371 0.151042 0.755027 0.152344 0.755941 0.153646 0.756856 0.152344 0.755027 0.152344 0.753199 0.151042 0.751371 0.150391 0.749543 0.152344 0.747715 0.155599 0.744059 0.155599 0.742230 0.154948 0.740402 0.156250 0.737660 0.156250 0.735832 0.156250 0.734004 0.154948 0.734004 0.153646 0.732176
0 0.177083 0.723035 0.179036 0.723949 0.177734 0.725777 0.176432 0.725777 0.175781 0.731261 0.178385 0.730347 0.179688 0.728519 0.182292 0.727605 0.184896 0.727605 0.186849 0.726691 0.186849 0.724863 0.183594 0.724863 0.182943 0.723949 0.180339 0.723949 0.178385 0.722121
0 0.194661 0.709324 0.195964 0.710238 0.194661 0.712066 0.192708 0.718464 0.192708 0.720293 0.194661 0.721207 0.196615 0.721207 0.197266 0.718464 0.197917 0.712980 0.198568 0.711152 0.197266 0.710238
0 0.181641 0.690128 0.182292 0.693784 0.181641 0.694698 0.181641 0.696527 0.182943 0.698355 0.183594 0.701097 0.182292 0.702925 0.180990 0.702011 0.182292 0.702925 0.180339 0.703839 0.180339 0.705667 0.183594 0.705667 0.185547 0.704753 0.184896 0.702011 0.185547 0.700183 0.187500 0.699269 0.188802 0.697441 0.187500 0.697441 0.186198 0.695612 0.186198 0.693784 0.184896 0.691042 0.186198 0.690128 0.184896 0.691042
0 0.419271 0.679159 0.416667 0.681901 0.416667 0.683729 0.416667 0.686472 0.417318 0.687386 0.417318 0.689214 0.417318 0.690128 0.417318 0.691956 0.417318 0.693784 0.413411 0.696527 0.412109 0.697441 0.416667 0.697441 0.418620 0.695612 0.419922 0.696527 0.421224 0.698355 0.420573 0.700183 0.419271 0.702011 0.416667 0.701097 0.416016 0.702925 0.414714 0.702011 0.414062 0.703839 0.417318 0.704753 0.418620 0.702011 0.420573 0.701097 0.421224 0.702925 0.422526 0.702011 0.421224 0.699269 0.421875 0.697441 0.420573 0.695612 0.419271 0.695612 0.417969 0.693784 0.417318 0.691042 0.419271 0.689214 0.419271 0.687386 0.417969 0.686472 0.419271 0.685558 0.421224 0.682815 0.420573 0.680987 0.423177 0.680073 0.421875 0.680073 0.421224 0.679159
0 0.438151 0.675503 0.436849 0.676417 0.438151 0.677331 0.440755 0.679159 0.442708 0.680073 0.442708 0.680987 0.444010 0.683729 0.445964 0.685558 0.445312 0.692870 0.447917 0.692870 0.448568 0.691956 0.449870 0.691042 0.448568 0.690128 0.449870 0.687386 0.449870 0.683729 0.447266 0.683729 0.445964 0.681901 0.443359 0.680987 0.443359 0.679159 0.443359 0.678245 0.443359 0.676417
0 0.378906 0.666362 0.377604 0.668190 0.375000 0.669104 0.375000 0.670018 0.373698 0.670932 0.375651 0.672761 0.377604 0.672761 0.379557 0.673675 0.380859 0.674589 0.380859 0.676417 0.382161 0.677331 0.384115 0.677331 0.384766 0.676417 0.388021 0.677331 0.387370 0.680987 0.388672 0.682815 0.388672 0.680987 0.389974 0.680987 0.389974 0.679159 0.389974 0.677331 0.391276 0.675503 0.392578 0.675503 0.393880 0.675503 0.395182 0.677331 0.396484 0.677331 0.397786 0.677331 0.397786 0.675503 0.395833 0.675503 0.393880 0.673675 0.390625 0.674589 0.389323 0.674589 0.387370 0.671846 0.387370 0.669104 0.384766 0.669104 0.385417 0.671846 0.382812 0.671846 0.382161 0.672761 0.381510 0.668190 0.380208 0.666362
0 0.390625 0.649909 0.386719 0.650823 0.384766 0.651737 0.383464 0.653565 0.382161 0.653565 0.380859 0.655393 0.384766 0.654479 0.386719 0.654479 0.388672 0.656307 0.390625 0.656307 0.390625 0.654479 0.392578 0.654479 0.394531 0.655393 0.394531 0.657221 0.396484 0.658135 0.397135 0.656307 0.396484 0.655393 0.397786 0.654479 0.396484 0.650823 0.393880 0.651737 0.391927 0.649909
0 0.470052 0.635283 0.469401 0.638026 0.470703 0.638940 0.469401 0.640768 0.466146 0.641682 0.466797 0.644424 0.466797 0.645338 0.466146 0.646252 0.464193 0.648080 0.466797 0.648080 0.468099 0.646252 0.470052 0.644424 0.470052 0.642596 0.472656 0.641682 0.475911 0.640768 0.476562 0.638940 0.475911 0.636197 0.474609 0.636197 0.473958 0.634369
0 0.433594 0.631627 0.432292 0.633455 0.432943 0.636197 0.431641 0.642596 0.428385 0.641682 0.427083 0.641682 0.425781 0.641682 0.425781 0.644424 0.429688 0.644424 0.432292 0.645338 0.433594 0.646252 0.434245 0.647166 0.434245 0.648080 0.435547 0.649909 0.436849 0.649909 0.436198 0.645338 0.435547 0.645338 0.434245 0.643510 0.434896 0.641682 0.433594 0.638940 0.432943 0.636197 0.434245 0.634369 0.436198 0.633455 0.436849 0.631627 0.435547 0.632541
0 0.354818 0.631627 0.353516 0.634369 0.351562 0.635283 0.352865 0.637112 0.354167 0.635283 0.356120 0.637112 0.355469 0.638026 0.355469 0.639854 0.357422 0.638940 0.360677 0.639854 0.362630 0.640768 0.363932 0.642596 0.362630 0.644424 0.364583 0.643510 0.366536 0.646252 0.369141 0.647166 0.368490 0.645338 0.368490 0.643510 0.370443 0.642596 0.369141 0.642596 0.368490 0.643510 0.365885 0.643510 0.364583 0.641682 0.365234 0.638026 0.364583 0.636197 0.363281 0.635283 0.361328 0.634369 0.359375 0.634369 0.357422 0.632541 0.356120 0.632541
0 0.482422 0.621572 0.480469 0.622486 0.480469 0.624314 0.481120 0.629799 0.479818 0.630713 0.480469 0.633455 0.481771 0.633455 0.482422 0.631627 0.486979 0.632541 0.485677 0.633455 0.488932 0.634369 0.489583 0.631627 0.486979 0.630713 0.485026 0.631627 0.485026 0.628885 0.486328 0.627971 0.485677 0.627057 0.485677 0.625229 0.488932 0.624314 0.490885 0.626143 0.492188 0.626143 0.492839 0.625229 0.494792 0.625229 0.493490 0.624314 0.494141 0.622486 0.492188 0.622486 0.491536 0.621572 0.488932 0.621572 0.485026 0.624314 0.483073 0.623400
0 0.375000 0.617002 0.375000 0.618830 0.373698 0.623400 0.372396 0.625229 0.370443 0.625229 0.369792 0.621572 0.368490 0.622486 0.368490 0.624314 0.367839 0.625229 0.367188 0.627057 0.373047 0.626143 0.374349 0.627057 0.375000 0.629799 0.376302 0.628885 0.377604 0.630713 0.379557 0.630713 0.378906 0.627971 0.378906 0.626143 0.380208 0.624314 0.378906 0.625229 0.377604 0.624314 0.376302 0.622486 0.376302 0.621572
0 0.458333 0.603291 0.457682 0.604205 0.456380 0.604205 0.455729 0.608775 0.457031 0.611517 0.455729 0.612431 0.455078 0.615174 0.456380 0.615174 0.459635 0.613346 0.460938 0.610603 0.459635 0.607861 0.460286 0.606033 0.460938 0.605119 0.461589 0.605119 0.462891 0.604205 0.460286 0.605119 0.459635 0.603291
0 0.425130 0.603291 0.425130 0.606033 0.425781 0.606947 0.425781 0.609689 0.424479 0.609689 0.423828 0.611517 0.423177 0.609689 0.421875 0.610603 0.420573 0.609689 0.417318 0.611517 0.415365 0.611517 0.414714 0.610603 0.412760 0.610603 0.412760 0.612431 0.414062 0.613346 0.415365 0.612431 0.417969 0.614260 0.422526 0.616088 0.421224 0.617002 0.423177 0.615174 0.423828 0.617002 0.425130 0.618830 0.427083 0.617916 0.427734 0.616088 0.427083 0.614260 0.428385 0.613346 0.429036 0.611517 0.427734 0.610603 0.429036 0.609689 0.427083 0.606947 0.427734 0.603291
0 0.370443 0.596892 0.371745 0.599634 0.371745 0.601463 0.371094 0.603291 0.369792 0.605119 0.368490 0.606033 0.367188 0.605119 0.366536 0.606033 0.365234 0.604205 0.365234 0.601463 0.363281 0.600548 0.363281 0.599634 0.362630 0.598720 0.361328 0.597806 0.360026 0.598720 0.358724 0.600548 0.356771 0.600548 0.354818 0.602377 0.352214 0.602377 0.352865 0.605119 0.356120 0.603291 0.357422 0.601463 0.360026 0.601463 0.361328 0.601463 0.364583 0.606033 0.362630 0.606947 0.363932 0.606947 0.365234 0.606033 0.366536 0.606947 0.367188 0.609689 0.368490 0.608775 0.369141 0.611517 0.371094 0.612431 0.372396 0.615174 0.373698 0.614260 0.375651 0.615174 0.374349 0.612431 0.374349 0.607861 0.373047 0.605119 0.374349 0.602377 0.371745 0.599634 0.372396 0.597806
0 0.466797 0.584095 0.472005 0.584095 0.473307 0.585009 0.473307 0.587751 0.471354 0.588665 0.470703 0.590494 0.469401 0.592322 0.466797 0.592322 0.468099 0.594150 0.466146 0.594150 0.465495 0.592322 0.462891 0.592322 0.461589 0.593236 0.460286 0.594150 0.462240 0.595064 0.461589 0.595978 0.462240 0.598720 0.463542 0.599634 0.464193 0.601463 0.464193 0.603291 0.464844 0.606033 0.466146 0.606033 0.468099 0.607861 0.469401 0.610603 0.472005 0.608775 0.470703 0.607861 0.470052 0.608775 0.469401 0.606033 0.468099 0.604205 0.468750 0.602377 0.466146 0.598720 0.470052 0.595978 0.468750 0.595064 0.469401 0.593236 0.472005 0.590494 0.473958 0.590494 0.475260 0.588665 0.475911 0.585009 0.473958 0.583181
0 0.417318 0.583181 0.417318 0.585009 0.416016 0.585923 0.412109 0.585009 0.415365 0.585009 0.416667 0.586837 0.417969 0.586837 0.419922 0.589580 0.420573 0.591408 0.416016 0.591408 0.415365 0.593236 0.414062 0.594150 0.410807 0.594150 0.412109 0.595064 0.412760 0.595978 0.414714 0.595978 0.415365 0.595064 0.416667 0.595064 0.417318 0.595978 0.418620 0.595978 0.419271 0.595064 0.420573 0.593236 0.421875 0.594150 0.423828 0.595978 0.423177 0.596892 0.423828 0.599634 0.425130 0.601463 0.426432 0.600548 0.425130 0.599634 0.426432 0.598720 0.427083 0.596892 0.425130 0.593236 0.422526 0.593236 0.419922 0.590494 0.420573 0.585009 0.418620 0.583181
0 0.464844 0.569470 0.464193 0.571298 0.462891 0.572212 0.464193 0.573126 0.466797 0.573126 0.468750 0.574954 0.471354 0.575868 0.472005 0.579525 0.471354 0.581353 0.473958 0.581353 0.474609 0.578611 0.475260 0.577697 0.475911 0.576782 0.477214 0.575868 0.479818 0.576782 0.478516 0.576782 0.477214 0.574954 0.473958 0.573126 0.471354 0.574040 0.470052 0.572212 0.468099 0.571298
0 0.423177 0.565814 0.421875 0.568556 0.420573 0.569470 0.418620 0.569470 0.417969 0.570384 0.416667 0.570384 0.417318 0.574954 0.416016 0.578611 0.414062 0.578611 0.415365 0.578611 0.416016 0.581353 0.419271 0.581353 0.419922 0.578611 0.421224 0.578611 0.418620 0.577697 0.422526 0.577697 0.422526 0.578611 0.423177 0.579525 0.425781 0.581353 0.425130 0.579525 0.426432 0.578611 0.425781 0.576782 0.425781 0.574954 0.423828 0.572212 0.423177 0.570384 0.425130 0.568556 0.425130 0.566728
0 0.407552 0.561243 0.406250 0.562157 0.404948 0.564899 0.403646 0.565814 0.402344 0.565814 0.404297 0.566728 0.404948 0.568556 0.404297 0.570384 0.404297 0.572212 0.405599 0.572212 0.407552 0.570384 0.408854 0.570384 0.411458 0.571298 0.410807 0.569470 0.410807 0.567642 0.408854 0.566728 0.408854 0.564899 0.408203 0.563071 0.410156 0.561243
0 0.449870 0.560329 0.449219 0.561243 0.447266 0.561243 0.445312 0.562157 0.445964 0.564899 0.447266 0.564899 0.447917 0.566728 0.451172 0.565814 0.454427 0.566728 0.457682 0.569470 0.455729 0.570384 0.458333 0.569470 0.456380 0.567642 0.456380 0.564899 0.455078 0.563985 0.455078 0.563071 0.453125 0.562157 0.451172 0.560329
0 0.411458 0.560329 0.410807 0.563071 0.414062 0.561243
0 0.406901 0.547532 0.408203 0.551188 0.410156 0.552102 0.412109 0.552102 0.413411 0.553016 0.414062 0.555759 0.415365 0.555759 0.417318 0.553016 0.419271 0.552102 0.419922 0.549360 0.417969 0.547532 0.416016 0.550274 0.414714 0.548446 0.413411 0.550274 0.410807 0.550274 0.408854 0.547532
0 0.473958 0.540219 0.473307 0.542048 0.472005 0.542048 0.473958 0.542962 0.475260 0.544790 0.475260 0.546618 0.472005 0.547532 0.473307 0.548446 0.470703 0.548446 0.473307 0.549360 0.474609 0.552102 0.475911 0.553016 0.478516 0.548446 0.478516 0.544790 0.476562 0.542048
0 0.523438 0.535649 0.522135 0.537477 0.523438 0.538391 0.520833 0.539305 0.519531 0.542048 0.524740 0.542048 0.524740 0.543876 0.527344 0.540219 0.528646 0.541133 0.528646 0.539305 0.529297 0.537477 0.527995 0.536563 0.525391 0.535649
0 0.507161 0.525594 0.505859 0.528336 0.505859 0.529250 0.503255 0.530165 0.501953 0.531079 0.501302 0.537477 0.502604 0.539305 0.505859 0.540219 0.505859 0.538391 0.504557 0.538391 0.502604 0.538391 0.502604 0.535649 0.505208 0.532907 0.505208 0.531079 0.506510 0.531079 0.507812 0.532907 0.507812 0.533821 0.509766 0.537477 0.512370 0.538391 0.511719 0.535649 0.510417 0.533821 0.510417 0.531993 0.509766 0.530165 0.508464 0.529250 0.509115 0.528336 0.508464 0.526508
0 0.389974 0.524680 0.392578 0.529250 0.391276 0.531079 0.389974 0.531079 0.388672 0.533821 0.387370 0.534735 0.382812 0.537477 0.386068 0.538391 0.386719 0.536563 0.389974 0.536563 0.391276 0.537477 0.392578 0.543876 0.394531 0.542962 0.394531 0.541133 0.393880 0.539305 0.391927 0.537477 0.393229 0.536563 0.390625 0.535649 0.391927 0.534735 0.393880 0.533821 0.392578 0.530165 0.393880 0.529250 0.394531 0.528336 0.397786 0.529250 0.399089 0.530165 0.401693 0.532907 0.401693 0.535649 0.400391 0.537477 0.399740 0.537477 0.399740 0.540219 0.401042 0.541133 0.401693 0.541133 0.402995 0.542048 0.402995 0.543876 0.404297 0.542962 0.406901 0.543876 0.408203 0.544790 0.406901 0.543876 0.406901 0.542048 0.406901 0.540219 0.407552 0.538391 0.408854 0.538391 0.407552 0.537477 0.406901 0.539305 0.405599 0.539305 0.404948 0.536563 0.404297 0.537477 0.402995 0.535649 0.404297 0.533821 0.402995 0.533821 0.402344 0.533821 0.401042 0.531993 0.400391 0.531993 0.400391 0.529250 0.399740 0.527422 0.399089 0.526508 0.397786 0.524680
0 0.340495 0.522852 0.340495 0.524680 0.339193 0.526508 0.339844 0.528336 0.341797 0.531079 0.343099 0.531993 0.344401 0.531993 0.346354 0.531993 0.347656 0.528336 0.347656 0.526508 0.347656 0.524680 0.345052 0.524680 0.343750 0.522852 0.342448 0.522852
0 0.459635 0.519196 0.459635 0.521024 0.458984 0.522852 0.460286 0.524680 0.461589 0.525594 0.462240 0.521938 0.463542 0.528336 0.460938 0.531079 0.459635 0.531079 0.458333 0.528336 0.457031 0.527422 0.458333 0.529250 0.458984 0.531993 0.457682 0.533821 0.461589 0.531993 0.463542 0.534735 0.465495 0.535649 0.466797 0.539305 0.468750 0.539305 0.471354 0.540219 0.470052 0.539305 0.470703 0.536563 0.470703 0.533821 0.469401 0.533821 0.466797 0.533821 0.464193 0.531079 0.465495 0.530165 0.466146 0.527422 0.464193 0.525594 0.464844 0.520110 0.463542 0.521938
0 0.529948 0.516453 0.529948 0.518282 0.529948 0.523766 0.533203 0.522852 0.533203 0.521024 0.531901 0.516453
0 0.534505 0.510969 0.534505 0.513711 0.535807 0.515539 0.538411 0.514625 0.537760 0.512797 0.536458 0.510969
0 0.490885 0.508227 0.490234 0.511883 0.487630 0.515539 0.483073 0.514625 0.484375 0.514625 0.485026 0.515539 0.486979 0.516453 0.486328 0.518282 0.487630 0.519196 0.488281 0.521024 0.489583 0.519196 0.490885 0.523766 0.489583 0.524680 0.490885 0.523766 0.492188 0.521938 0.493490 0.521938 0.492188 0.521024 0.494141 0.518282 0.492839 0.517367 0.496094 0.517367 0.495443 0.521024 0.496745 0.522852 0.496745 0.521024 0.498047 0.521024 0.498047 0.519196 0.499349 0.517367 0.497396 0.516453 0.494792 0.513711 0.494141 0.511883 0.493490 0.510969
0 0.526693 0.507313 0.526693 0.510969 0.527995 0.513711 0.529297 0.513711 0.530599 0.514625 0.531901 0.513711 0.533203 0.510969 0.531901 0.508227 0.530599 0.509141
0 0.537760 0.493601 0.536458 0.495430 0.537760 0.495430 0.538411 0.496344 0.544922 0.495430 0.546875 0.497258 0.547526 0.497258 0.548828 0.498172 0.550130 0.502742 0.550130 0.506399 0.552083 0.507313 0.554036 0.506399 0.553385 0.504570 0.553385 0.500914 0.551432 0.500000 0.552083 0.498172 0.550130 0.496344 0.548177 0.494516 0.546875 0.493601 0.543620 0.494516 0.542318 0.494516
0 0.514974 0.493601 0.514323 0.494516 0.515625 0.495430 0.513672 0.497258 0.513672 0.499086 0.516276 0.500914 0.515625 0.501828 0.516927 0.503656 0.516276 0.505484 0.514974 0.507313 0.515625 0.510055 0.514323 0.510969 0.514974 0.511883 0.515625 0.510055 0.516927 0.510055 0.518229 0.510969 0.516927 0.510055 0.518229 0.508227 0.520833 0.506399 0.522135 0.506399 0.522786 0.507313 0.524740 0.508227 0.524740 0.506399 0.522135 0.505484 0.521484 0.502742 0.522135 0.499086 0.520833 0.499086 0.518880 0.496344 0.515625 0.495430
0 0.485677 0.488117 0.486979 0.489031 0.485677 0.493601 0.484375 0.494516 0.485026 0.497258 0.486328 0.498172 0.485677 0.500000 0.485026 0.502742 0.483073 0.505484 0.483724 0.507313 0.486328 0.507313 0.486979 0.506399 0.489583 0.506399 0.488281 0.505484 0.486979 0.502742 0.485677 0.501828 0.485677 0.500000 0.486328 0.498172 0.486979 0.497258 0.489583 0.496344 0.489583 0.494516 0.489583 0.492687 0.491536 0.490859 0.490885 0.488117 0.489583 0.488117 0.488932 0.489031 0.487630 0.489031 0.486979 0.488117
0 0.384115 0.481718 0.384115 0.484461 0.386068 0.485375 0.386719 0.487203 0.387370 0.489031 0.388672 0.493601 0.387370 0.495430 0.384766 0.496344 0.386068 0.495430 0.387370 0.496344 0.388021 0.495430 0.389323 0.497258 0.389323 0.500000 0.387370 0.502742 0.385417 0.501828 0.387370 0.504570 0.387370 0.505484 0.388672 0.507313 0.386719 0.508227 0.388021 0.508227 0.389974 0.510969 0.389323 0.514625 0.389323 0.518282 0.390625 0.517367 0.391927 0.519196 0.390625 0.520110 0.391927 0.519196 0.391276 0.516453 0.393229 0.515539 0.391927 0.510969 0.391927 0.509141 0.393229 0.506399 0.393229 0.504570 0.393229 0.501828 0.391276 0.500914 0.390625 0.496344 0.391927 0.491773 0.389974 0.490859 0.389974 0.487203 0.388672 0.481718 0.386719 0.481718
0 0.467448 0.479890 0.464844 0.480804 0.463542 0.482633 0.462240 0.482633 0.463542 0.482633 0.465495 0.483547 0.466146 0.487203 0.467448 0.489945 0.468750 0.492687 0.470703 0.492687 0.472656 0.493601 0.472656 0.496344 0.470052 0.497258 0.473307 0.499086 0.475911 0.497258 0.477865 0.500000 0.477865 0.503656 0.477214 0.505484 0.479167 0.504570 0.480469 0.505484 0.479167 0.504570 0.478516 0.502742 0.479167 0.498172 0.476562 0.496344 0.475911 0.496344 0.474609 0.494516 0.476562 0.493601 0.476562 0.490859 0.476562 0.489031 0.474609 0.489945 0.472656 0.487203 0.470703 0.487203 0.468750 0.486289 0.466797 0.483547 0.466146 0.481718
0 0.546224 0.475320 0.544271 0.476234 0.543620 0.477148 0.541667 0.476234 0.541016 0.478976 0.540365 0.481718 0.541667 0.484461 0.541667 0.489031 0.541667 0.491773 0.541016 0.489945 0.542318 0.489031 0.542318 0.485375 0.543620 0.483547 0.546224 0.481718 0.546875 0.479890 0.547526 0.477148
0 0.486979 0.459781 0.485677 0.461609 0.485677 0.464351 0.486328 0.467093 0.488281 0.468921 0.490234 0.468921 0.491536 0.470750 0.492188 0.470750 0.492188 0.476234 0.491536 0.476234 0.490885 0.477148 0.490234 0.478976 0.490234 0.480804 0.491536 0.483547 0.492839 0.484461 0.494141 0.485375 0.496094 0.484461 0.494141 0.482633 0.495443 0.478976 0.496094 0.476234 0.494141 0.476234 0.493490 0.472578 0.493490 0.469835 0.494141 0.468921 0.493490 0.467093 0.492839 0.468921 0.491536 0.468921 0.490234 0.468007 0.488932 0.466179 0.488281 0.464351 0.488281 0.459781
0 0.526042 0.457952 0.527344 0.459781 0.526042 0.462523 0.526693 0.464351 0.527995 0.466179 0.527995 0.468007 0.526693 0.469835 0.527344 0.473492 0.527344 0.478062 0.525391 0.478976 0.526693 0.480804 0.524740 0.481718 0.526042 0.483547 0.526693 0.486289 0.523438 0.490859 0.524089 0.492687 0.522786 0.494516 0.525391 0.494516 0.524089 0.491773 0.525391 0.488117 0.527995 0.487203 0.527995 0.485375 0.527344 0.481718 0.528646 0.479890 0.527995 0.478976 0.529297 0.478062 0.529948 0.476234 0.532552 0.476234 0.533854 0.478062 0.535156 0.481718 0.534505 0.483547 0.535807 0.484461 0.535156 0.482633 0.536458 0.480804 0.534505 0.479890 0.533854 0.478062 0.535156 0.478062 0.533854 0.476234 0.533854 0.475320 0.533203 0.474406 0.532552 0.474406 0.531250 0.472578 0.529948 0.468007 0.531250 0.466179 0.531901 0.468007 0.532552 0.466179 0.530599 0.465265 0.530599 0.461609 0.527995 0.459781
0 0.552083 0.450640 0.553385 0.454296 0.554036 0.457038 0.555339 0.461609 0.554688 0.464351 0.553385 0.465265 0.550781 0.464351 0.551432 0.466179 0.554036 0.469835 0.554036 0.472578 0.557292 0.472578 0.557943 0.470750 0.556641 0.466179 0.558594 0.465265 0.559896 0.464351 0.559245 0.458867 0.556641 0.457952 0.558594 0.457038 0.559245 0.455210 0.558594 0.452468 0.557292 0.452468 0.555990 0.451554 0.554036 0.451554 0.553385 0.450640
0 0.508464 0.446069 0.508464 0.447898 0.505859 0.447898 0.507161 0.448812 0.503906 0.449726 0.501953 0.452468 0.503906 0.453382 0.503906 0.455210 0.505208 0.455210 0.507161 0.457038 0.508464 0.455210 0.508464 0.452468 0.509115 0.451554 0.511719 0.449726 0.511068 0.446984 0.509766 0.446984
0 0.491536 0.446069 0.493490 0.448812 0.492839 0.450640 0.493490 0.451554 0.492188 0.453382 0.490885 0.453382 0.492188 0.453382 0.493490 0.453382 0.495443 0.457038 0.493490 0.460695 0.492188 0.461609 0.494141 0.460695 0.495443 0.463437 0.495443 0.461609 0.496094 0.460695 0.496094 0.458867 0.496745 0.457038 0.498698 0.456124 0.499349 0.452468 0.499349 0.450640 0.498047 0.450640 0.495443 0.450640 0.494141 0.448812 0.493490 0.446069
0 0.473307 0.431444 0.474609 0.432358 0.478516 0.432358 0.480469 0.434186 0.481120 0.436015 0.479167 0.438757 0.477865 0.438757 0.479167 0.438757 0.479818 0.437843 0.482422 0.436929 0.485677 0.438757 0.488281 0.437843 0.490234 0.438757 0.491536 0.439671 0.494141 0.443327 0.494792 0.443327 0.496745 0.437843 0.495443 0.437843 0.494792 0.436929 0.492839 0.437843 0.492188 0.436015 0.490234 0.436015 0.488932 0.438757 0.487630 0.437843 0.486328 0.436015 0.485677 0.433272 0.485677 0.431444 0.483724 0.431444 0.483073 0.432358 0.481120 0.432358 0.480469 0.431444 0.477865 0.432358 0.474609 0.432358
0 0.510417 0.406764 0.509766 0.409506 0.509766 0.412249 0.508464 0.413163 0.507161 0.416819 0.505208 0.416819 0.503906 0.416819 0.501953 0.416819 0.502604 0.414077 0.500000 0.414991 0.500000 0.417733 0.501302 0.420475 0.501302 0.422303 0.498698 0.425960 0.500651 0.425960 0.501302 0.425046 0.505859 0.425046 0.507161 0.424132 0.506510 0.421389 0.511068 0.421389 0.512370 0.420475 0.513672 0.421389 0.513021 0.418647 0.511719 0.418647 0.511068 0.417733 0.507812 0.416819 0.509115 0.415905 0.510417 0.415905 0.511068 0.412249 0.512370 0.410420 0.514974 0.409506 0.513672 0.406764 0.512370 0.405850
0 0.475911 0.394881 0.477865 0.396709 0.477214 0.398537 0.477865 0.400366 0.480469 0.404022 0.479818 0.406764 0.482422 0.405850 0.482422 0.401280 0.480469 0.400366 0.481120 0.397623 0.480469 0.394881 0.477214 0.395795
0 0.505208 0.393053 0.503906 0.393967 0.502604 0.397623 0.501953 0.398537 0.500651 0.399452 0.494792 0.400366 0.487630 0.398537 0.487630 0.400366 0.487630 0.404022 0.488932 0.404022 0.489583 0.404022 0.490885 0.405850 0.492839 0.406764 0.495443 0.406764 0.497396 0.408592 0.496745 0.404936 0.500000 0.400366 0.501953 0.401280 0.501953 0.398537 0.503906 0.397623 0.504557 0.394881 0.505208 0.394881 0.506510 0.393053
0 0.535156 0.391225 0.533854 0.392139 0.531901 0.393967 0.527344 0.398537 0.526042 0.401280 0.525391 0.404022 0.522786 0.399452 0.524089 0.398537 0.522786 0.399452 0.520833 0.400366 0.519531 0.399452 0.518229 0.398537 0.519531 0.399452 0.518880 0.404022 0.518229 0.406764 0.516276 0.408592 0.516276 0.411335 0.518880 0.412249 0.518229 0.410420 0.519531 0.407678 0.520182 0.406764 0.521484 0.405850 0.522786 0.405850 0.523438 0.404936 0.524740 0.403108 0.525391 0.407678 0.526693 0.406764 0.530599 0.407678 0.531901 0.409506 0.531250 0.410420 0.532552 0.411335 0.533854 0.412249 0.532552 0.411335 0.532552 0.408592 0.529948 0.404022 0.529297 0.402194 0.531901 0.399452 0.535156 0.400366 0.535807 0.402194 0.537760 0.402194 0.538411 0.403108 0.548177 0.401280 0.546875 0.399452 0.544922 0.398537 0.543620 0.400366 0.537109 0.399452 0.532552 0.400366 0.531250 0.398537 0.530599 0.396709 0.532552 0.395795 0.533203 0.393967 0.533854 0.395795 0.537109 0.395795 0.539062 0.392139 0.536458 0.391225
0 0.527344 0.381170 0.526042 0.382998 0.522786 0.382998 0.521484 0.384826 0.518880 0.383912 0.518880 0.385740 0.517578 0.387569 0.518229 0.389397 0.520182 0.390311 0.520182 0.388483 0.521484 0.387569 0.522786 0.388483 0.524089 0.387569 0.527344 0.382998 0.529297 0.380256
0 0.503906 0.366545 0.502604 0.368373 0.503906 0.372029 0.503906 0.373857 0.503255 0.376600 0.499349 0.383912 0.494141 0.384826 0.494792 0.385740 0.490234 0.388483 0.494141 0.389397 0.495443 0.392139 0.498047 0.391225 0.497396 0.390311 0.498047 0.387569 0.498698 0.385740 0.497396 0.384826 0.502604 0.383912 0.503255 0.381170 0.502604 0.380256 0.504557 0.379342 0.506510 0.376600 0.505208 0.374771 0.506510 0.373857 0.505208 0.372029 0.504557 0.370201 0.505208 0.369287
0 0.480469 0.367459 0.480469 0.368373 0.478516 0.370201 0.472656 0.370201 0.470703 0.368373 0.468750 0.368373 0.468750 0.372029 0.468099 0.374771 0.470052 0.374771 0.471354 0.374771 0.473307 0.372943 0.475260 0.372029 0.477214 0.371115 0.481771 0.372029 0.482422 0.370201 0.480469 0.367459 0.481771 0.366545
0 0.539062 0.359232 0.537760 0.361060 0.537760 0.361974 0.537109 0.362888 0.536458 0.362888 0.535156 0.364717 0.533854 0.365631 0.532552 0.364717 0.531250 0.366545 0.528646 0.370201 0.529948 0.372029 0.528646 0.373857 0.527995 0.376600 0.529948 0.377514 0.531250 0.375686 0.531901 0.372943 0.533854 0.371115 0.535156 0.370201 0.536458 0.370201 0.537760 0.369287 0.539062 0.366545 0.541667 0.366545 0.541667 0.363803 0.541016 0.361060
0 0.486328 0.353748 0.484375 0.354662 0.483724 0.356490 0.485026 0.357404 0.483724 0.363803 0.485026 0.363803 0.486328 0.365631 0.486328 0.370201 0.486328 0.373857 0.487630 0.374771 0.486979 0.376600 0.488932 0.376600 0.490885 0.378428 0.491536 0.375686 0.490234 0.372943 0.488932 0.372029 0.488281 0.368373 0.488281 0.366545 0.488281 0.364717 0.490234 0.360146 0.488281 0.360146 0.486979 0.358318 0.486979 0.355576
0 0.470703 0.338208 0.468750 0.339122 0.467448 0.340951 0.465495 0.341865 0.464844 0.343693 0.466146 0.344607 0.464193 0.346435 0.464193 0.348263 0.464844 0.350091 0.468750 0.351005 0.471354 0.350091 0.475911 0.351920 0.474609 0.353748 0.475911 0.354662 0.479167 0.353748 0.479818 0.354662 0.481771 0.354662 0.481120 0.351920 0.483073 0.348263 0.484375 0.346435 0.485677 0.346435 0.487630 0.344607 0.488281 0.341865 0.486328 0.342779 0.484375 0.341865 0.483073 0.342779 0.482422 0.345521 0.481771 0.346435 0.481120 0.346435 0.479818 0.348263 0.478516 0.348263 0.473307 0.346435 0.472656 0.347349 0.466797 0.345521 0.467448 0.343693 0.471354 0.342779 0.474609 0.340951 0.472005 0.338208
0 0.522786 0.338208 0.520833 0.340037 0.522135 0.343693 0.520182 0.346435 0.518880 0.346435 0.518880 0.344607 0.517578 0.344607 0.518229 0.347349 0.516927 0.349177 0.518880 0.351005 0.516276 0.353748 0.513672 0.354662 0.516927 0.354662 0.517578 0.352834 0.520182 0.353748 0.520833 0.351920 0.524089 0.351005 0.522135 0.350091 0.522786 0.347349 0.524740 0.344607 0.524089 0.341865 0.525391 0.340951 0.524089 0.340037 0.524740 0.337294
0 0.505208 0.328154 0.503906 0.329982 0.502604 0.330896 0.499349 0.329982 0.499349 0.331810 0.499349 0.333638 0.497396 0.336380 0.495443 0.335466 0.496094 0.338208 0.494792 0.340037 0.494792 0.341865 0.494792 0.340037 0.496094 0.339122 0.496745 0.341865 0.498698 0.340037 0.500000 0.340951 0.501302 0.341865 0.504557 0.346435 0.505208 0.349177 0.504557 0.351005 0.502604 0.354662 0.503255 0.352834 0.504557 0.352834 0.505859 0.351005 0.507812 0.351920 0.508464 0.350091 0.506510 0.348263 0.505859 0.346435 0.505859 0.344607 0.506510 0.343693 0.506510 0.341865 0.504557 0.337294 0.503906 0.334552 0.503906 0.331810 0.504557 0.329982
0 0.540365 0.322669 0.539062 0.323583 0.541667 0.324497 0.542318 0.326325 0.542318 0.328154 0.542969 0.329982 0.545573 0.329982 0.543620 0.329068 0.544922 0.328154 0.545573 0.327239 0.548177 0.327239 0.552734 0.328154 0.553385 0.327239 0.554688 0.327239 0.554036 0.325411 0.555339 0.324497 0.556641 0.323583 0.555339 0.322669 0.554036 0.323583 0.550130 0.322669 0.552083 0.323583 0.550781 0.324497 0.550130 0.325411 0.548177 0.325411 0.545573 0.323583 0.544922 0.325411 0.542318 0.324497 0.543620 0.323583 0.542318 0.323583 0.541667 0.322669
0 0.496745 0.306216 0.496745 0.308958 0.498698 0.308044 0.500000 0.308958 0.501302 0.310786 0.500000 0.311700 0.501302 0.310786 0.501953 0.313528 0.503255 0.315356 0.505208 0.316271 0.504557 0.319013 0.507161 0.320841 0.507161 0.323583 0.506510 0.324497 0.505859 0.326325 0.507812 0.325411 0.509766 0.324497 0.511068 0.322669 0.511719 0.317185 0.506510 0.318099 0.505208 0.316271 0.504557 0.314442 0.503906 0.311700 0.503255 0.307130
0 0.526042 0.298903 0.527995 0.299817 0.529948 0.297989 0.531250 0.297989 0.534505 0.300731 0.537109 0.304388 0.537760 0.306216 0.537760 0.310786 0.537109 0.315356 0.535807 0.317185 0.534505 0.316271 0.533203 0.317185 0.532552 0.320841 0.533203 0.324497 0.531901 0.327239 0.529948 0.329068 0.528646 0.331810 0.527995 0.334552 0.526042 0.335466 0.526042 0.338208 0.527344 0.339122 0.528646 0.339122 0.529948 0.335466 0.531250 0.335466 0.533203 0.338208 0.535156 0.337294 0.535807 0.335466 0.535807 0.332724 0.535156 0.330896 0.533203 0.328154 0.533854 0.325411 0.535156 0.323583 0.535807 0.323583 0.536458 0.321755 0.534505 0.319013 0.536458 0.316271 0.540365 0.314442 0.540365 0.313528 0.540365 0.310786 0.538411 0.308958 0.537760 0.307130 0.539062 0.303473 0.538411 0.301645 0.537760 0.299817 0.536458 0.298903 0.532552 0.297989 0.529297 0.297075
0 0.551432 0.287020 0.551432 0.288848 0.553385 0.288848 0.553385 0.290676 0.554688 0.290676 0.555339 0.292505 0.559245 0.292505 0.564453 0.294333 0.565755 0.293419 0.568359 0.289762 0.567057 0.288848 0.565755 0.287934 0.564453 0.287934 0.563802 0.289762 0.561849 0.290676 0.560547 0.289762 0.559245 0.287934 0.556641 0.287934 0.554688 0.287020
0 0.462891 0.281536 0.464193 0.285192 0.468099 0.288848 0.468099 0.290676 0.467448 0.293419 0.466146 0.295247 0.466797 0.297075 0.468099 0.299817 0.468750 0.303473 0.469401 0.308044 0.468750 0.309872 0.466146 0.312614 0.464844 0.311700 0.462891 0.309872 0.460286 0.309872 0.459635 0.310786 0.457031 0.310786 0.457031 0.313528 0.456380 0.315356 0.458333 0.314442 0.459635 0.311700 0.461589 0.311700 0.464193 0.312614 0.465495 0.313528 0.467448 0.316271 0.467448 0.318099 0.465495 0.319013 0.465495 0.322669 0.468099 0.321755 0.470703 0.325411 0.473307 0.327239 0.474609 0.329068 0.474609 0.331810 0.476562 0.332724 0.475260 0.330896 0.475911 0.327239 0.478516 0.323583 0.477865 0.321755 0.475911 0.317185 0.474609 0.316271 0.471354 0.314442 0.470703 0.312614 0.470052 0.310786 0.470052 0.304388 0.468750 0.301645 0.469401 0.297989 0.473958 0.288848 0.475260 0.287020 0.476562 0.287934 0.475260 0.285192 0.473958 0.284278 0.472656 0.284278 0.471354 0.286106 0.470052 0.285192 0.468750 0.283364 0.467448 0.282450 0.465495 0.281536
0 0.537760 0.279707 0.535156 0.281536 0.535807 0.283364 0.534505 0.285192 0.537760 0.287934 0.539062 0.287934 0.540365 0.287020 0.541016 0.285192 0.542318 0.284278 0.544922 0.285192 0.542318 0.284278 0.544271 0.283364 0.542969 0.282450 0.542318 0.281536 0.541016 0.281536 0.539714 0.279707
0 0.501953 0.272395 0.500651 0.273309 0.500000 0.274223 0.497396 0.275137 0.498698 0.274223 0.500000 0.276051 0.498047 0.276965 0.495443 0.276965 0.492839 0.276965 0.493490 0.278793 0.494141 0.280622 0.494792 0.285192 0.496094 0.287934 0.497396 0.289762 0.498047 0.289762 0.498698 0.292505 0.500000 0.292505 0.501302 0.292505 0.501953 0.290676 0.501953 0.288848 0.500000 0.283364 0.500651 0.281536 0.497396 0.277879 0.500000 0.276051 0.503906 0.276051 0.505859 0.278793 0.504557 0.279707 0.507812 0.281536 0.509766 0.286106 0.511068 0.287020 0.513021 0.289762 0.513021 0.293419 0.514974 0.294333 0.515625 0.292505 0.517578 0.295247 0.518229 0.297989 0.518229 0.300731 0.516276 0.302559 0.516276 0.302559 0.516276 0.306216 0.514974 0.308044 0.511719 0.308044 0.510417 0.308044 0.511719 0.308958 0.513672 0.309872 0.512370 0.310786 0.514323 0.309872 0.514974 0.310786 0.514974 0.309872 0.516276 0.308044 0.519531 0.304388 0.520182 0.302559 0.519531 0.301645 0.520182 0.299817 0.521484 0.297989 0.521484 0.295247 0.518880 0.294333 0.520833 0.293419 0.518229 0.292505 0.520182 0.291590 0.519531 0.289762 0.518229 0.288848 0.515625 0.288848 0.514323 0.287934 0.513672 0.283364 0.511719 0.284278 0.510417 0.282450 0.510417 0.279707 0.507812 0.277879 0.505208 0.275137 0.502604 0.275137
0 0.532552 0.259598 0.530599 0.261426 0.529948 0.263254 0.528646 0.264168 0.526693 0.262340 0.527344 0.265082 0.526693 0.266910 0.525391 0.268739 0.524740 0.268739 0.524740 0.272395 0.525391 0.272395 0.527344 0.272395 0.527995 0.272395 0.528646 0.271481 0.530599 0.267824 0.533203 0.266910 0.532552 0.265082 0.533854 0.263254 0.534505 0.259598
0 0.564453 0.254113 0.561849 0.255941 0.558594 0.255941 0.555339 0.258684 0.552734 0.257770 0.551432 0.259598 0.552083 0.260512 0.550130 0.264168 0.548828 0.265996 0.546875 0.267824 0.544922 0.266910 0.543620 0.265082 0.543620 0.262340 0.543620 0.261426 0.541016 0.260512 0.541016 0.265082 0.539062 0.267824 0.539062 0.269653 0.540365 0.270567 0.542969 0.270567 0.544271 0.268739 0.547526 0.269653 0.546224 0.274223 0.550130 0.275137 0.550130 0.270567 0.551432 0.270567 0.550781 0.268739 0.552734 0.265082 0.555339 0.265082 0.555990 0.265996 0.557292 0.265996 0.554688 0.262340 0.554688 0.260512 0.555339 0.258684 0.556641 0.257770 0.559245 0.258684 0.559896 0.257770 0.563151 0.257770 0.569010 0.257770 0.569010 0.255941 0.567708 0.254113
0 0.569010 0.231261 0.568359 0.232176 0.567057 0.232176 0.566406 0.234918 0.563151 0.237660 0.559896 0.242230 0.558594 0.243144 0.557943 0.241316 0.555990 0.240402 0.557943 0.241316 0.557292 0.243144 0.554036 0.245887 0.554688 0.249543 0.555990 0.249543 0.558594 0.246801 0.563151 0.245887 0.561198 0.244059 0.563151 0.243144 0.563802 0.241316 0.565104 0.241316 0.563802 0.240402 0.566406 0.239488 0.567708 0.238574 0.568359 0.236746 0.569661 0.236746 0.569661 0.234918 0.570964 0.234918 0.571615 0.233090 0.570964 0.232176 0.572266 0.231261
0 0.535156 0.159963 0.535156 0.162706 0.534505 0.162706 0.533854 0.164534 0.536458 0.163620 0.537760 0.163620 0.538411 0.164534 0.540365 0.163620 0.542318 0.166362 0.542969 0.168190 0.543620 0.171846 0.544922 0.173675 0.544922 0.175503 0.546224 0.179159 0.548177 0.180073 0.547526 0.181901 0.548828 0.183729 0.545573 0.185558 0.544271 0.185558 0.543620 0.183729 0.542318 0.183729 0.541016 0.182815 0.541667 0.184644 0.542969 0.185558 0.543620 0.184644 0.546224 0.186472 0.548177 0.189214 0.546875 0.191042 0.544271 0.190128 0.546224 0.190128 0.548828 0.193784 0.547526 0.196527 0.548828 0.198355 0.546875 0.199269 0.548177 0.201097 0.550130 0.205667 0.549479 0.209324 0.550130 0.212066 0.550781 0.215722 0.552083 0.217550 0.551432 0.218464 0.553385 0.223035 0.552734 0.223949 0.554036 0.226691 0.553385 0.228519 0.554036 0.233090 0.555339 0.234918 0.555339 0.236746 0.556641 0.238574 0.556641 0.236746 0.556641 0.232176 0.555339 0.229433 0.556641 0.223949 0.554688 0.223035 0.554036 0.221207 0.554036 0.215722 0.552083 0.211152 0.552734 0.209324 0.551432 0.206581 0.551432 0.203839 0.552083 0.201097 0.554036 0.198355 0.555339 0.197441 0.557292 0.197441 0.557943 0.196527 0.559896 0.197441 0.561849 0.195612 0.562500 0.193784 0.561198 0.194698 0.559245 0.192870 0.556641 0.196527 0.554036 0.198355 0.552083 0.199269 0.548828 0.194698 0.550781 0.193784 0.550781 0.191956 0.550781 0.186472 0.550130 0.182815 0.551432 0.180073 0.551432 0.179159 0.552083 0.178245 0.552734 0.178245 0.553385 0.176417 0.552083 0.177331 0.551432 0.179159 0.550781 0.179159 0.549479 0.180073 0.548177 0.179159 0.546875 0.177331 0.547526 0.174589 0.545573 0.172761 0.544922 0.170932 0.544922 0.166362 0.544271 0.163620 0.542318 0.163620 0.541016 0.164534 0.538411 0.162706 0.540365 0.161792 0.539062 0.159963 0.537109 0.159049
0 0.557943 0.156307 0.556641 0.158135 0.555339 0.161792 0.555990 0.165448 0.555339 0.168190 0.554036 0.170018 0.554036 0.171846 0.554688 0.172761 0.554688 0.174589 0.556641 0.173675 0.557943 0.170932 0.556641 0.170018 0.557943 0.168190 0.557292 0.167276 0.559245 0.166362 0.559896 0.163620 0.559245 0.161792 0.561198 0.158135 0.560547 0.156307
0 0.535156 0.142596 0.535156 0.145338 0.536458 0.147166 0.539062 0.148995 0.541667 0.151737 0.542318 0.152651 0.542318 0.153565 0.545573 0.153565 0.546224 0.150823 0.546875 0.148995 0.544922 0.146252 0.544271 0.148080 0.544271 0.149909 0.542969 0.151737 0.541016 0.149909 0.542969 0.148080 0.541667 0.147166 0.541016 0.145338 0.539714 0.145338
0 0.540365 0.106033 0.541667 0.108775 0.541016 0.109689 0.541667 0.111517 0.542969 0.113346 0.542969 0.114260 0.544271 0.115174 0.545573 0.117002 0.546224 0.118830 0.546224 0.120658 0.548177 0.124314 0.549479 0.126143 0.552083 0.124314 0.550781 0.123400 0.550781 0.121572 0.550130 0.119744 0.548177 0.117916 0.545573 0.113346 0.543620 0.111517 0.544271 0.109689 0.542318 0.106947
0 0.548828 0.067642 0.549479 0.073126 0.547526 0.074040 0.546875 0.076782 0.548828 0.075868 0.550130 0.078611 0.551432 0.079525 0.547526 0.082267 0.548828 0.083181 0.544922 0.085009 0.544271 0.083181 0.542969 0.084095 0.545573 0.085009 0.546875 0.086837 0.545573 0.089580 0.544271 0.087751 0.545573 0.089580 0.548177 0.089580 0.552734 0.088665 0.554036 0.087751 0.555339 0.085923 0.555339 0.084095 0.557292 0.082267 0.557943 0.080439 0.557292 0.073126 0.555990 0.074040 0.554036 0.072212 0.552734 0.069470 0.550781 0.067642
0 0.623047 0.021024 0.620443 0.021938 0.619141 0.023766 0.621094 0.025594 0.623698 0.023766 0.626302 0.023766 0.624349 0.022852
0 0.634115 0.000914 0.632161 0.004570 0.630859 0.005484 0.629557 0.005484 0.628255 0.004570 0.626953 0.002742 0.623698 0.002742 0.621745 0.004570 0.620443 0.006399 0.619141 0.001828 0.617188 0.001828 0.617839 0.004570 0.617839 0.007313 0.620443 0.006399 0.621745 0.008227 0.623698 0.010055 0.621745 0.012797 0.621745 0.015539 0.623047 0.014625 0.625000 0.012797 0.628255 0.012797 0.630859 0.016453 0.630208 0.018282 0.628906 0.021024 0.628255 0.024680 0.641927 0.023766 0.645833 0.024680 0.650391 0.023766 0.651693 0.021938 0.655599 0.022852 0.656901 0.022852 0.660156 0.021938 0.661458 0.022852 0.665365 0.022852 0.667318 0.024680 0.669922 0.024680 0.676432 0.024680 0.677734 0.023766 0.679036 0.021938 0.680339 0.021938 0.681641 0.023766 0.689453 0.024680 0.697917 0.024680 0.712891 0.022852 0.717448 0.022852 0.725260 0.022852 0.728516 0.022852 0.730469 0.024680 0.733073 0.024680 0.740885 0.024680 0.746094 0.023766 0.748698 0.023766 0.749349 0.024680 0.751953 0.024680 0.755859 0.022852 0.759115 0.022852 0.765625 0.022852 0.768229 0.022852 0.776693 0.022852 0.779948 0.022852 0.789714 0.022852 0.792318 0.022852 0.795573 0.024680 0.798177 0.024680 0.798828 0.023766 0.801432 0.023766 0.808594 0.025594 0.820312 0.023766 0.827474 0.024680 0.830078 0.024680 0.839844 0.023766 0.855469 0.025594 0.863281 0.025594 0.863932 0.024680 0.871094 0.024680 0.883464 0.025594 0.885417 0.023766 0.891276 0.024680 0.894531 0.023766 0.903646 0.023766 0.909505 0.023766 0.917318 0.025594 0.929036 0.026508 0.931641 0.026508 0.932292 0.025594 0.940104 0.023766 0.944010 0.023766 0.962891 0.025594 0.972005 0.024680 0.975260 0.024680 0.981771 0.025594 0.985026 0.023766 0.989583 0.023766 0.998698 0.024680 0.998698 0.010969 0.994141 0.010969 0.992839 0.010969 0.990234 0.012797 0.986979 0.012797 0.981120 0.012797 0.977214 0.011883 0.975911 0.011883 0.972656 0.011883 0.971354 0.012797 0.967448 0.010969 0.966146 0.010969 0.961589 0.011883 0.958333 0.010055 0.955078 0.010055 0.953125 0.011883 0.948568 0.010969 0.947266 0.010969 0.942057 0.010969 0.940755 0.010969 0.938802 0.012797 0.932943 0.011883 0.927734 0.013711 0.925781 0.012797 0.921224 0.013711 0.914714 0.012797 0.910807 0.010055 0.908203 0.010969 0.906250 0.012797 0.903646 0.013711 0.901042 0.012797 0.899089 0.010969 0.893229 0.010969 0.886068 0.012797 0.883464 0.012797 0.882812 0.011883 0.880859 0.011883 0.873698 0.012797 0.871094 0.010969 0.866536 0.010969 0.856120 0.012797 0.854818 0.012797 0.847656 0.010969 0.840495 0.010055 0.839193 0.010055 0.832682 0.010055 0.831380 0.010055 0.826823 0.010055 0.824870 0.010055 0.811198 0.011883 0.809896 0.011883 0.808594 0.010969 0.800781 0.011883 0.792969 0.010055 0.784505 0.010055 0.781901 0.011883 0.778646 0.011883 0.776693 0.010055 0.774740 0.010055 0.774089 0.009141 0.772786 0.009141 0.764323 0.010055 0.759766 0.010969 0.757812 0.010055 0.752604 0.010055 0.747396 0.011883 0.743490 0.011883 0.710286 0.010055 0.701172 0.010055 0.697917 0.011883 0.695964 0.011883 0.689453 0.010055 0.680990 0.010055 0.678385 0.011883 0.673177 0.011883 0.662760 0.010969 0.658203 0.010055 0.656250 0.008227 0.654297 0.008227 0.651693 0.009141 0.650391 0.008227 0.649089 0.006399 0.648438 0.003656 0.645833 0.000914 0.645182 0.003656 0.643229 0.004570 0.640625 0.010055 0.639323 0.010969 0.638021 0.010055 0.636068 0.007313 0.635417 0.004570 0.636068 0.000914
0 0.529297 0.000914 0.529948 0.004570 0.529297 0.006399 0.527995 0.006399 0.526693 0.010055 0.525391 0.010969 0.523438 0.011883 0.522135 0.011883 0.521484 0.010969 0.520182 0.010969 0.516927 0.010969 0.515625 0.010969 0.513672 0.013711 0.512370 0.014625 0.511068 0.014625 0.509766 0.013711 0.507812 0.010055 0.503906 0.008227 0.498698 0.008227 0.494141 0.010969 0.491536 0.010969 0.490885 0.010055 0.488281 0.010055 0.486979 0.011883 0.485677 0.012797 0.483724 0.012797 0.479818 0.012797 0.477865 0.012797 0.471354 0.012797 0.467448 0.012797 0.465495 0.010969 0.462240 0.010055 0.460938 0.010055 0.460286 0.010969 0.458333 0.010055 0.453776 0.010055 0.451823 0.010055 0.435547 0.010969 0.430990 0.012797 0.425781 0.012797 0.412760 0.011883 0.403646 0.010055 0.393229 0.010969 0.388672 0.010055 0.386068 0.010055 0.385417 0.010969 0.382161 0.010969 0.378255 0.010055 0.374349 0.009141 0.371745 0.007313 0.370443 0.007313 0.368490 0.009141 0.364583 0.009141 0.363281 0.010055 0.361979 0.010969 0.360026 0.012797 0.358724 0.010969 0.356771 0.010055 0.353516 0.010055 0.350911 0.011883 0.347656 0.012797 0.342448 0.010969 0.335938 0.011883 0.334635 0.011883 0.333333 0.010055 0.332031 0.010055 0.330729 0.010969 0.326823 0.009141 0.325521 0.010969 0.323568 0.010969 0.318359 0.009141 0.313802 0.009141 0.309245 0.010969 0.300130 0.010969 0.298177 0.009141 0.296224 0.009141 0.295573 0.010055 0.294271 0.010055 0.289714 0.009141 0.285807 0.010969 0.284505 0.010969 0.276693 0.010055 0.273438 0.010055 0.270833 0.011883 0.268880 0.011883 0.266276 0.010055 0.264974 0.010055 0.259766 0.010969 0.250000 0.010969 0.245443 0.010969 0.236328 0.010055 0.229167 0.010969 0.227214 0.012797 0.224609 0.012797 0.223307 0.011883 0.222005 0.010055 0.217448 0.010969 0.216146 0.010969 0.215495 0.010055 0.214193 0.010055 0.209635 0.010055 0.208333 0.010055 0.204427 0.011883 0.199219 0.011883 0.197266 0.011883 0.192708 0.010055 0.190755 0.010055 0.188151 0.011883 0.184245 0.011883 0.180339 0.009141 0.175130 0.009141 0.174479 0.010055 0.168620 0.009141 0.166016 0.009141 0.162109 0.010969 0.159505 0.011883 0.156901 0.011883 0.154948 0.010055 0.143880 0.009141 0.139323 0.009141 0.136068 0.010969 0.134766 0.010969 0.127604 0.010969 0.125000 0.010055 0.118490 0.010055 0.113932 0.010969 0.112630 0.010969 0.110026 0.009141 0.108724 0.009141 0.105469 0.010969 0.087240 0.009141 0.085286 0.009141 0.080078 0.009141 0.077474 0.009141 0.074219 0.010055 0.070312 0.011883 0.069010 0.012797 0.067708 0.011883 0.064453 0.009141 0.063151 0.009141 0.055339 0.010969 0.050130 0.010969 0.040365 0.009141 0.035156 0.009141 0.029948 0.010055 0.026693 0.011883 0.024740 0.011883 0.019531 0.010055 0.018229 0.010055 0.011068 0.010055 0.005859 0.010055 0.003906 0.011883 0.000651 0.011883 0.000651 0.022852 0.007161 0.022852 0.007812 0.023766 0.023438 0.023766 0.043620 0.023766 0.048177 0.023766 0.055990 0.023766 0.058594 0.023766 0.076823 0.021938 0.083984 0.021938 0.096354 0.023766 0.105469 0.023766 0.108073 0.021938 0.111979 0.021938 0.121094 0.023766 0.134766 0.023766 0.137370 0.021938 0.147786 0.021938 0.153646 0.023766 0.161458 0.022852 0.166016 0.022852 0.166667 0.023766 0.171224 0.023766 0.172526 0.022852 0.174479 0.020110 0.176432 0.020110 0.179036 0.022852 0.184245 0.023766 0.194010 0.022852 0.199870 0.022852 0.205078 0.024680 0.211589 0.024680 0.216146 0.022852 0.219401 0.022852 0.223307 0.023766 0.227865 0.025594 0.231120 0.025594 0.234375 0.023766 0.240885 0.022852 0.244141 0.022852 0.249349 0.023766 0.255208 0.021938 0.257812 0.021938 0.260417 0.023766 0.264323 0.023766 0.266927 0.025594 0.273438 0.024680 0.275391 0.022852 0.279297 0.023766 0.281250 0.023766 0.283854 0.021938 0.289062 0.021938 0.302734 0.023766 0.313151 0.023766 0.323568 0.021938 0.326823 0.021938 0.330078 0.024680 0.331380 0.024680 0.335286 0.023766 0.337240 0.025594 0.347005 0.025594 0.355469 0.024680 0.358073 0.022852 0.362630 0.021938 0.366536 0.021938 0.378906 0.022852 0.385417 0.024680 0.389323 0.022852 0.391927 0.022852 0.402344 0.024680 0.414062 0.024680 0.424479 0.023766 0.428385 0.023766 0.434896 0.024680 0.442708 0.023766 0.451172 0.025594 0.457031 0.025594 0.468099 0.024680 0.472656 0.026508 0.474609 0.026508 0.485026 0.025594 0.492188 0.024680 0.493490 0.023766 0.494792 0.021938 0.494792 0.020110 0.495443 0.018282 0.499349 0.017367 0.501302 0.018282 0.504557 0.021938 0.505208 0.021938 0.505859 0.023766 0.505208 0.025594 0.506510 0.023766 0.507812 0.024680 0.509766 0.026508 0.514323 0.026508 0.517578 0.024680 0.522786 0.025594 0.526042 0.025594 0.531901 0.025594 0.542969 0.025594 0.544271 0.025594 0.546224 0.023766 0.548828 0.023766 0.550130 0.025594 0.562500 0.024680 0.563802 0.026508 0.565104 0.026508 0.568359 0.024680 0.573568 0.024680 0.576172 0.024680 0.578125 0.026508 0.580729 0.026508 0.582682 0.023766 0.583984 0.023766 0.589193 0.023766 0.590495 0.024680 0.595052 0.022852 0.597005 0.022852 0.600911 0.024680 0.602214 0.022852 0.605469 0.021938 0.606771 0.022852 0.610677 0.021024 0.615234 0.021024 0.612630 0.020110 0.611328 0.021938 0.609375 0.019196 0.604167 0.019196 0.600911 0.022852 0.593750 0.023766 0.592448 0.021938 0.591146 0.021938 0.589844 0.020110 0.587891 0.019196 0.585938 0.018282 0.583333 0.020110 0.582031 0.019196 0.583333 0.021938 0.582031 0.023766 0.578125 0.022852 0.577474 0.024680 0.576172 0.022852 0.574870 0.021938 0.578776 0.021024 0.579427 0.020110 0.580729 0.020110 0.579427 0.017367 0.577474 0.017367 0.576172 0.021024 0.574870 0.021938 0.570312 0.021024 0.567708 0.022852 0.566406 0.022852 0.565104 0.022852 0.563802 0.021024 0.562500 0.017367 0.559896 0.014625 0.559896 0.012797 0.560547 0.011883 0.560547 0.010055 0.557292 0.010055 0.556641 0.007313 0.553385 0.007313 0.551432 0.007313 0.552734 0.008227 0.553385 0.010055 0.554036 0.009141 0.555990 0.010969 0.557292 0.010055 0.558594 0.011883 0.555339 0.014625 0.553385 0.015539 0.551432 0.014625 0.549479 0.011883 0.548177 0.011883 0.546875 0.010969 0.546875 0.007313 0.548177 0.007313 0.548828 0.005484 0.549479 0.001828 0.548177 0.003656 0.544922 0.004570 0.544271 0.001828 0.542969 0.000914 0.541016 0.000914 0.541667 0.003656 0.540365 0.006399 0.540365 0.007313 0.536458 0.008227 0.534505 0.006399 0.533203 0.004570 0.533203 0.000914