0 0.743490 0.643510 0.742188 0.648995 0.743490 0.652651 0.746094 0.654479 0.750000 0.654479 0.751302 0.650823 0.750000 0.645338 0.747396 0.641682
0 0.794271 0.641682 0.792969 0.645338 0.794271 0.648995 0.796875 0.650823 0.800781 0.648995 0.800781 0.647166 0.802083 0.643510 0.799479 0.639854
0 0.674479 0.638026 0.674479 0.643510 0.677083 0.650823 0.679688 0.648995 0.680990 0.645338 0.678385 0.641682 0.677083 0.641682
0 0.652344 0.643510 0.656250 0.643510 0.654948 0.636197
0 0.485677 0.636197 0.485677 0.648995 0.486979 0.652651 0.490885 0.652651 0.493490 0.648995 0.493490 0.638026 0.493490 0.634369 0.490885 0.634369
0 0.858073 0.632541 0.854167 0.638026 0.854167 0.641682 0.855469 0.647166 0.856771 0.650823 0.861979 0.648995 0.861979 0.634369
0 0.628906 0.632541 0.626302 0.638026 0.625000 0.645338 0.627604 0.647166 0.628906 0.648995 0.631510 0.648995 0.635417 0.645338 0.638021 0.648995 0.644531 0.648995 0.645833 0.643510 0.643229 0.639854 0.634115 0.639854 0.634115 0.636197
0 0.263021 0.632541 0.261719 0.636197 0.260417 0.638026 0.260417 0.641682 0.263021 0.648995 0.266927 0.648995 0.269531 0.645338 0.268229 0.639854 0.266927 0.636197 0.265625 0.634369
0 0.894531 0.630713 0.891927 0.632541 0.891927 0.639854 0.893229 0.645338 0.894531 0.648995 0.901042 0.647166 0.903646 0.643510 0.906250 0.638026 0.906250 0.634369 0.901042 0.636197
0 0.083333 0.632541 0.083333 0.638026 0.084635 0.641682 0.089844 0.639854 0.089844 0.634369 0.088542 0.630713
0 0.380208 0.628885 0.377604 0.630713 0.376302 0.634369 0.376302 0.641682 0.378906 0.645338 0.381510 0.645338 0.384115 0.643510 0.385417 0.639854 0.385417 0.636197 0.385417 0.632541 0.382812 0.628885
0 0.789062 0.625229 0.787760 0.632541 0.786458 0.636197 0.785156 0.638026 0.783854 0.639854 0.779948 0.641682 0.778646 0.645338 0.778646 0.652651 0.781250 0.656307 0.787760 0.656307 0.790365 0.647166 0.790365 0.643510 0.789062 0.641682 0.789062 0.638026 0.791667 0.634369 0.792969 0.630713 0.792969 0.625229
0 0.170573 0.625229 0.169271 0.636197 0.171875 0.643510 0.174479 0.647166 0.178385 0.641682 0.178385 0.634369 0.175781 0.627057 0.173177 0.625229
0 0.063802 0.625229 0.061198 0.627057 0.061198 0.634369 0.062500 0.638026 0.063802 0.639854 0.066406 0.641682 0.069010 0.641682 0.069010 0.630713 0.067708 0.627057
0 0.354167 0.621572 0.350260 0.623400 0.347656 0.623400 0.347656 0.627057 0.346354 0.630713 0.345052 0.636197 0.347656 0.643510 0.351562 0.648995 0.358073 0.648995 0.356771 0.645338 0.356771 0.641682 0.358073 0.636197 0.360677 0.632541 0.359375 0.627057 0.356771 0.623400
0 0.102865 0.619744 0.098958 0.623400 0.098958 0.627057 0.098958 0.630713 0.097656 0.634369 0.098958 0.638026 0.101562 0.641682 0.101562 0.645338 0.104167 0.647166 0.108073 0.647166 0.111979 0.641682 0.113281 0.636197 0.113281 0.632541 0.111979 0.630713 0.113281 0.625229 0.109375 0.623400 0.109375 0.619744
0 0.027344 0.619744 0.028646 0.623400 0.024740 0.625229 0.026042 0.641682 0.027344 0.645338 0.027344 0.648995 0.029948 0.648995 0.032552 0.647166 0.035156 0.639854 0.033854 0.632541 0.035156 0.630713 0.035156 0.627057 0.035156 0.623400 0.031250 0.621572
0 0.003906 0.619744 0.001302 0.621572 0.001302 0.647166 0.009115 0.647166 0.009115 0.643510 0.010417 0.638026 0.010417 0.634369 0.007812 0.625229 0.006510 0.621572
0 0.733073 0.617916 0.730469 0.621572 0.729167 0.627057 0.730469 0.630713 0.733073 0.634369 0.733073 0.636197 0.738281 0.638026 0.739583 0.634369 0.740885 0.628885 0.740885 0.623400 0.736979 0.617916
0 0.611979 0.616088 0.611979 0.619744 0.610677 0.623400 0.610677 0.634369 0.608073 0.638026 0.602865 0.641682 0.602865 0.647166 0.606771 0.647166 0.610677 0.638026 0.617188 0.636197 0.618490 0.632541 0.619792 0.627057 0.619792 0.617916 0.617188 0.616088 0.614583 0.616088
0 0.244792 0.614260 0.240885 0.616088 0.239583 0.619744 0.238281 0.623400 0.239583 0.634369 0.236979 0.639854 0.236979 0.647166 0.239583 0.648995 0.242188 0.645338 0.242188 0.638026 0.246094 0.630713 0.246094 0.619744
0 0.335938 0.612431 0.333333 0.614260 0.330729 0.614260 0.328125 0.617916 0.326823 0.623400 0.326823 0.634369 0.328125 0.638026 0.332031 0.639854 0.326823 0.643510 0.324219 0.641682 0.326823 0.643510 0.325521 0.652651 0.328125 0.652651 0.330729 0.652651 0.334635 0.650823 0.338542 0.650823 0.337240 0.645338 0.338542 0.643510 0.337240 0.638026 0.332031 0.636197 0.337240 0.634369 0.335938 0.625229 0.337240 0.619744 0.338542 0.616088
0 0.928385 0.606947 0.925781 0.608775 0.924479 0.610603 0.919271 0.619744 0.919271 0.623400 0.919271 0.627057 0.920573 0.630713 0.921875 0.634369 0.924479 0.641682 0.929688 0.645338 0.929688 0.650823 0.932292 0.650823 0.934896 0.650823 0.936198 0.645338 0.934896 0.639854 0.932292 0.634369 0.930990 0.623400 0.932292 0.612431 0.932292 0.606947
0 0.807292 0.605119 0.807292 0.617916 0.808594 0.627057 0.811198 0.630713 0.811198 0.639854 0.813802 0.639854 0.819010 0.639854 0.820312 0.636197 0.819010 0.628885 0.820312 0.627057 0.817708 0.619744 0.816406 0.612431 0.817708 0.606947 0.815104 0.603291 0.811198 0.603291
0 0.707031 0.597806 0.704427 0.599634 0.703125 0.603291 0.704427 0.610603 0.707031 0.614260 0.707031 0.621572 0.704427 0.625229 0.699219 0.623400 0.696615 0.623400 0.696615 0.627057 0.696615 0.634369 0.699219 0.647166 0.703125 0.645338 0.705729 0.645338 0.707031 0.639854 0.713542 0.639854 0.717448 0.643510 0.722656 0.645338 0.720052 0.643510 0.721354 0.634369 0.722656 0.625229 0.726562 0.619744 0.726562 0.610603 0.725260 0.606947 0.725260 0.603291 0.722656 0.603291 0.720052 0.606947 0.717448 0.608775 0.709635 0.597806
0 0.973958 0.594150 0.971354 0.597806 0.972656 0.601463 0.971354 0.606947 0.967448 0.612431 0.963542 0.614260 0.962240 0.619744 0.964844 0.625229 0.964844 0.632541 0.962240 0.636197 0.955729 0.634369 0.955729 0.638026 0.954427 0.643510 0.954427 0.647166 0.957031 0.650823 0.963542 0.652651 0.963542 0.648995 0.964844 0.645338 0.966146 0.634369 0.971354 0.632541 0.975260 0.636197 0.980469 0.638026 0.984375 0.634369 0.985677 0.632541 0.986979 0.628885 0.988281 0.625229 0.988281 0.606947 0.986979 0.603291 0.985677 0.599634 0.984375 0.597806 0.979167 0.594150 0.976562 0.594150
0 0.554688 0.594150 0.552083 0.595978 0.549479 0.599634 0.549479 0.601463 0.546875 0.605119 0.544271 0.605119 0.540365 0.603291 0.537760 0.605119 0.536458 0.612431 0.536458 0.621572 0.540365 0.636197 0.541667 0.645338 0.545573 0.643510 0.545573 0.639854 0.548177 0.634369 0.548177 0.627057 0.549479 0.623400 0.552083 0.621572 0.554688 0.625229 0.554688 0.636197 0.557292 0.641682 0.562500 0.641682 0.563802 0.638026 0.566406 0.630713 0.566406 0.612431 0.565104 0.601463 0.563802 0.597806 0.562500 0.595978 0.559896 0.594150
0 0.102865 0.592322 0.095052 0.595978 0.095052 0.599634 0.093750 0.603291 0.100260 0.610603 0.102865 0.616088 0.108073 0.616088 0.108073 0.612431 0.109375 0.610603 0.110677 0.601463 0.109375 0.597806
0 0.475260 0.590494 0.473958 0.595978 0.472656 0.599634 0.473958 0.606947 0.477865 0.612431 0.476562 0.617916 0.475260 0.617916 0.472656 0.621572 0.471354 0.621572 0.471354 0.638026 0.468750 0.639854 0.470052 0.641682 0.471354 0.638026 0.475260 0.638026 0.477865 0.634369 0.477865 0.619744 0.480469 0.619744 0.483073 0.608775 0.483073 0.595978 0.480469 0.592322
0 0.282552 0.592322 0.282552 0.594150 0.279948 0.597806 0.278646 0.601463 0.277344 0.610603 0.276042 0.614260 0.277344 0.621572 0.279948 0.628885 0.285156 0.630713 0.287760 0.634369 0.287760 0.641682 0.292969 0.639854 0.296875 0.636197 0.299479 0.638026 0.304688 0.641682 0.307292 0.641682 0.307292 0.638026 0.304688 0.632541 0.302083 0.632541 0.296875 0.623400 0.299479 0.619744 0.296875 0.616088 0.294271 0.617916 0.291667 0.616088 0.289062 0.612431 0.289062 0.606947 0.290365 0.605119 0.290365 0.592322 0.287760 0.590494
0 0.401042 0.583181 0.401042 0.586837 0.398438 0.595978 0.397135 0.603291 0.398438 0.612431 0.395833 0.628885 0.395833 0.638026 0.401042 0.636197 0.402344 0.634369 0.404948 0.634369 0.407552 0.636197 0.410156 0.639854 0.411458 0.647166 0.416667 0.643510 0.424479 0.643510 0.427083 0.639854 0.424479 0.641682 0.419271 0.641682 0.415365 0.636197 0.412760 0.636197 0.410156 0.634369 0.407552 0.630713 0.407552 0.623400 0.408854 0.617916 0.412760 0.599634 0.414062 0.597806 0.414062 0.594150 0.412760 0.588665 0.411458 0.585009 0.407552 0.583181 0.404948 0.583181
0 0.199219 0.583181 0.197917 0.590494 0.199219 0.594150 0.197917 0.599634 0.196615 0.610603 0.194010 0.614260 0.191406 0.612431 0.188802 0.608775 0.180990 0.606947 0.180990 0.610603 0.180990 0.617916 0.182292 0.627057 0.187500 0.634369 0.191406 0.634369 0.192708 0.630713 0.194010 0.625229 0.195312 0.612431 0.197917 0.616088 0.200521 0.621572 0.204427 0.630713 0.204427 0.641682 0.205729 0.645338 0.208333 0.647166 0.210938 0.643510 0.212240 0.636197 0.212240 0.628885 0.213542 0.623400 0.217448 0.614260 0.222656 0.606947 0.225260 0.606947 0.226562 0.605119 0.229167 0.603291 0.217448 0.603291 0.210938 0.594150 0.210938 0.592322 0.203125 0.581353
0 0.444010 0.579525 0.436198 0.583181 0.436198 0.588665 0.436198 0.592322 0.436198 0.599634 0.437500 0.605119 0.437500 0.610603 0.442708 0.614260 0.444010 0.617916 0.444010 0.621572 0.442708 0.625229 0.438802 0.628885 0.433594 0.623400 0.429688 0.623400 0.429688 0.628885 0.430990 0.630713 0.430990 0.638026 0.432292 0.641682 0.436198 0.639854 0.440104 0.632541 0.442708 0.636197 0.446615 0.639854 0.450521 0.641682 0.453125 0.634369 0.453125 0.628885 0.454427 0.623400 0.457031 0.619744 0.455729 0.610603 0.457031 0.599634 0.459635 0.595978 0.460938 0.590494 0.459635 0.586837 0.454427 0.581353 0.449219 0.581353 0.447917 0.579525
0 0.118490 0.574040 0.118490 0.577697 0.117188 0.583181 0.117188 0.594150 0.118490 0.597806 0.121094 0.601463 0.122396 0.605119 0.122396 0.608775 0.123698 0.612431 0.126302 0.617916 0.130208 0.623400 0.136719 0.627057 0.136719 0.623400 0.136719 0.616088 0.134115 0.605119 0.134115 0.594150 0.132812 0.588665 0.131510 0.585009 0.128906 0.581353 0.128906 0.579525 0.127604 0.577697 0.125000 0.575868
0 0.829427 0.564899 0.826823 0.566728 0.824219 0.566728 0.821615 0.574040 0.821615 0.586837 0.824219 0.594150 0.828125 0.601463 0.829427 0.606947 0.829427 0.614260 0.832031 0.621572 0.833333 0.636197 0.837240 0.636197 0.839844 0.639854 0.841146 0.643510 0.839844 0.647166 0.841146 0.650823 0.846354 0.654479 0.846354 0.650823 0.847656 0.638026 0.845052 0.638026 0.843750 0.638026 0.839844 0.632541 0.838542 0.628885 0.839844 0.616088 0.842448 0.606947 0.843750 0.603291 0.848958 0.599634 0.848958 0.594150 0.848958 0.588665 0.848958 0.585009 0.847656 0.579525 0.843750 0.579525 0.838542 0.568556 0.835938 0.568556 0.834635 0.568556 0.832031 0.564899
0 0.520833 0.563071 0.518229 0.564899 0.515625 0.566728 0.515625 0.575868 0.515625 0.579525 0.515625 0.583181 0.514323 0.592322 0.513021 0.599634 0.509115 0.601463 0.506510 0.608775 0.505208 0.612431 0.505208 0.616088 0.505208 0.628885 0.507812 0.627057 0.510417 0.628885 0.515625 0.634369 0.513021 0.643510 0.514323 0.647166 0.516927 0.654479 0.519531 0.654479 0.522135 0.654479 0.526042 0.647166 0.529948 0.645338 0.528646 0.641682 0.528646 0.638026 0.523438 0.638026 0.519531 0.628885 0.516927 0.628885 0.516927 0.623400 0.519531 0.617916 0.527344 0.601463 0.526042 0.597806 0.529948 0.588665 0.529948 0.568556 0.527344 0.564899 0.524740 0.563071
0 0.901042 0.557587 0.897135 0.559415 0.894531 0.561243 0.890625 0.566728 0.881510 0.568556 0.884115 0.570384 0.882812 0.572212 0.885417 0.577697 0.885417 0.594150 0.882812 0.601463 0.876302 0.612431 0.872396 0.608775 0.871094 0.612431 0.871094 0.619744 0.873698 0.623400 0.875000 0.628885 0.872396 0.636197 0.872396 0.641682 0.873698 0.648995 0.876302 0.650823 0.878906 0.650823 0.881510 0.647166 0.881510 0.641682 0.880208 0.638026 0.873698 0.630713 0.878906 0.621572 0.881510 0.617916 0.885417 0.616088 0.889323 0.621572 0.891927 0.621572 0.894531 0.619744 0.897135 0.616088 0.903646 0.595978 0.907552 0.594150 0.907552 0.590494 0.906250 0.585009 0.902344 0.575868 0.903646 0.561243
0 0.638021 0.553931 0.631510 0.557587 0.626302 0.557587 0.623698 0.559415 0.622396 0.563071 0.621094 0.566728 0.619792 0.575868 0.621094 0.583181 0.622396 0.592322 0.625000 0.601463 0.627604 0.610603 0.631510 0.614260 0.634115 0.616088 0.636719 0.616088 0.639323 0.612431 0.638021 0.608775 0.639323 0.605119 0.641927 0.601463 0.641927 0.597806 0.644531 0.594150 0.645833 0.590494 0.647135 0.585009 0.645833 0.572212 0.647135 0.553931 0.644531 0.555759
0 0.382812 0.553931 0.378906 0.555759 0.372396 0.559415 0.372396 0.563071 0.371094 0.572212 0.371094 0.612431 0.373698 0.621572 0.376302 0.623400 0.380208 0.619744 0.381510 0.608775 0.385417 0.590494 0.386719 0.583181 0.389323 0.579525 0.390625 0.575868 0.390625 0.564899 0.386719 0.553931
0 0.684896 0.550274 0.684896 0.552102 0.682292 0.555759 0.680990 0.561243 0.679688 0.566728 0.678385 0.574040 0.679688 0.579525 0.678385 0.583181 0.677083 0.586837 0.674479 0.588665 0.670573 0.586837 0.664062 0.585009 0.662760 0.590494 0.662760 0.595978 0.665365 0.603291 0.665365 0.606947 0.664062 0.612431 0.661458 0.616088 0.656250 0.616088 0.656250 0.623400 0.657552 0.627057 0.662760 0.625229 0.665365 0.625229 0.666667 0.630713 0.670573 0.632541 0.674479 0.632541 0.675781 0.628885 0.675781 0.612431 0.678385 0.603291 0.682292 0.603291 0.683594 0.605119 0.687500 0.605119 0.690104 0.595978 0.690104 0.590494 0.692708 0.585009 0.691406 0.579525 0.692708 0.552102 0.692708 0.550274
0 0.268229 0.548446 0.265625 0.550274 0.263021 0.552102 0.261719 0.553931 0.259115 0.563071 0.260417 0.579525 0.259115 0.599634 0.260417 0.617916 0.263021 0.617916 0.265625 0.619744 0.268229 0.612431 0.269531 0.608775 0.270833 0.605119 0.270833 0.599634 0.274740 0.590494 0.274740 0.583181 0.276042 0.579525 0.278646 0.575868 0.279948 0.572212 0.279948 0.564899 0.278646 0.555759 0.274740 0.548446 0.270833 0.548446
0 0.036458 0.542962 0.032552 0.550274 0.032552 0.557587 0.029948 0.561243 0.029948 0.574040 0.028646 0.579525 0.029948 0.586837 0.031250 0.592322 0.033854 0.595978 0.033854 0.599634 0.037760 0.605119 0.040365 0.612431 0.039062 0.614260 0.040365 0.619744 0.044271 0.627057 0.046875 0.628885 0.050781 0.628885 0.053385 0.621572 0.054688 0.614260 0.053385 0.606947 0.054688 0.603291 0.052083 0.597806 0.052083 0.592322 0.054688 0.585009 0.058594 0.583181 0.057292 0.574040 0.057292 0.570384 0.054688 0.566728 0.054688 0.563071 0.049479 0.555759 0.049479 0.550274 0.048177 0.546618 0.045573 0.542962 0.039062 0.542962
0 0.783854 0.537477 0.779948 0.544790 0.774740 0.550274 0.774740 0.555759 0.774740 0.559415 0.776042 0.570384 0.777344 0.579525 0.781250 0.592322 0.779948 0.610603 0.781250 0.614260 0.785156 0.614260 0.787760 0.608775 0.790365 0.601463 0.795573 0.586837 0.796875 0.577697 0.798177 0.564899 0.796875 0.550274 0.795573 0.546618 0.792969 0.542962 0.789062 0.539305 0.786458 0.537477
0 0.740885 0.499086 0.738281 0.500914 0.736979 0.502742 0.736979 0.504570 0.734375 0.508227 0.733073 0.511883 0.733073 0.521024 0.734375 0.524680 0.736979 0.528336 0.738281 0.528336 0.742188 0.533821 0.743490 0.533821 0.746094 0.537477 0.744792 0.541133 0.746094 0.542962 0.743490 0.546618 0.740885 0.548446 0.738281 0.548446 0.733073 0.541133 0.729167 0.537477 0.723958 0.539305 0.723958 0.544790 0.723958 0.550274 0.727865 0.552102 0.727865 0.553931 0.730469 0.557587 0.731771 0.564899 0.731771 0.572212 0.734375 0.581353 0.738281 0.583181 0.739583 0.590494 0.744792 0.599634 0.746094 0.603291 0.746094 0.608775 0.747396 0.612431 0.751302 0.623400 0.753906 0.621572 0.756510 0.623400 0.759115 0.627057 0.756510 0.632541 0.757812 0.634369 0.755208 0.636197 0.753906 0.648995 0.755208 0.652651 0.757812 0.654479 0.760417 0.652651 0.763021 0.648995 0.764323 0.645338 0.764323 0.638026 0.761719 0.630713 0.757812 0.628885 0.759115 0.616088 0.757812 0.610603 0.757812 0.603291 0.760417 0.597806 0.760417 0.588665 0.759115 0.586837 0.759115 0.579525 0.759115 0.561243 0.760417 0.552102 0.763021 0.548446 0.770833 0.539305 0.772135 0.533821 0.770833 0.530165 0.769531 0.528336 0.766927 0.526508 0.764323 0.528336 0.761719 0.531993 0.763021 0.537477 0.760417 0.544790 0.761719 0.546618 0.757812 0.550274 0.753906 0.552102 0.750000 0.550274 0.746094 0.544790 0.744792 0.541133 0.751302 0.533821 0.751302 0.531993 0.756510 0.524680 0.756510 0.511883 0.753906 0.502742 0.747396 0.499086
0 0.149740 0.499086 0.143229 0.502742 0.136719 0.500914 0.136719 0.504570 0.138021 0.513711 0.135417 0.517367 0.135417 0.522852 0.135417 0.526508 0.138021 0.537477 0.136719 0.542962 0.136719 0.548446 0.138021 0.552102 0.140625 0.564899 0.147135 0.577697 0.148438 0.583181 0.149740 0.588665 0.149740 0.594150 0.153646 0.599634 0.154948 0.603291 0.152344 0.606947 0.151042 0.610603 0.151042 0.617916 0.153646 0.625229 0.153646 0.630713 0.149740 0.636197 0.144531 0.634369 0.141927 0.634369 0.140625 0.641682 0.141927 0.647166 0.144531 0.643510 0.145833 0.643510 0.151042 0.643510 0.153646 0.647166 0.156250 0.645338 0.157552 0.641682 0.157552 0.636197 0.153646 0.628885 0.154948 0.625229 0.157552 0.621572 0.158854 0.612431 0.154948 0.603291 0.158854 0.594150 0.157552 0.590494 0.158854 0.586837 0.164062 0.583181 0.165365 0.577697 0.166667 0.577697 0.169271 0.574040 0.167969 0.572212 0.170573 0.568556 0.171875 0.563071 0.173177 0.552102 0.171875 0.548446 0.169271 0.542962 0.162760 0.531993 0.162760 0.528336 0.157552 0.515539 0.152344 0.502742
0 0.855469 0.480804 0.854167 0.486289 0.854167 0.491773 0.858073 0.489945 0.858073 0.488117 0.859375 0.484461 0.858073 0.480804
0 0.933594 0.460695 0.930990 0.462523 0.929688 0.464351 0.928385 0.469835 0.925781 0.473492 0.921875 0.475320 0.916667 0.475320 0.916667 0.478976 0.920573 0.484461 0.924479 0.495430 0.924479 0.508227 0.920573 0.521024 0.917969 0.524680 0.917969 0.530165 0.919271 0.541133 0.921875 0.546618 0.921875 0.553931 0.921875 0.557587 0.929688 0.564899 0.930990 0.568556 0.930990 0.575868 0.928385 0.579525 0.928385 0.583181 0.927083 0.586837 0.928385 0.590494 0.928385 0.594150 0.933594 0.603291 0.937500 0.601463 0.938802 0.599634 0.944010 0.597806 0.944010 0.586837 0.945312 0.583181 0.949219 0.581353 0.947917 0.577697 0.951823 0.575868 0.951823 0.570384 0.955729 0.563071 0.959635 0.550274 0.958333 0.546618 0.959635 0.537477 0.960938 0.533821 0.963542 0.530165 0.964844 0.521024 0.963542 0.517367 0.964844 0.513711 0.970052 0.508227 0.970052 0.499086 0.964844 0.500914 0.960938 0.495430 0.959635 0.489945 0.957031 0.488117 0.954427 0.493601 0.953125 0.499086 0.950521 0.504570 0.951823 0.513711 0.950521 0.521024 0.947917 0.539305 0.946615 0.542962 0.941406 0.546618 0.940104 0.542962 0.938802 0.541133 0.938802 0.533821 0.936198 0.528336 0.937500 0.521024 0.934896 0.513711 0.934896 0.508227 0.936198 0.506399 0.934896 0.499086 0.934896 0.495430 0.938802 0.486289 0.942708 0.480804 0.945312 0.475320 0.946615 0.468007 0.941406 0.466179 0.936198 0.460695
0 0.635417 0.446069 0.632812 0.447898 0.630208 0.451554 0.627604 0.458867 0.621094 0.466179 0.617188 0.453382 0.615885 0.457038 0.613281 0.453382 0.610677 0.455210 0.609375 0.460695 0.609375 0.464351 0.611979 0.471664 0.611979 0.478976 0.605469 0.484461 0.605469 0.488117 0.605469 0.493601 0.606771 0.504570 0.602865 0.510055 0.600260 0.508227 0.596354 0.502742 0.593750 0.497258 0.591146 0.499086 0.589844 0.504570 0.591146 0.510055 0.595052 0.511883 0.596354 0.515539 0.596354 0.522852 0.593750 0.533821 0.592448 0.546618 0.589844 0.542962 0.589844 0.539305 0.585938 0.531993 0.585938 0.526508 0.583333 0.517367 0.580729 0.513711 0.578125 0.511883 0.574219 0.510055 0.571615 0.515539 0.572917 0.528336 0.571615 0.531993 0.572917 0.533821 0.570312 0.537477 0.569010 0.544790 0.567708 0.553931 0.567708 0.557587 0.569010 0.561243 0.571615 0.568556 0.574219 0.566728 0.579427 0.570384 0.582031 0.574040 0.583333 0.577697 0.583333 0.581353 0.582031 0.592322 0.583333 0.603291 0.584635 0.608775 0.585938 0.612431 0.593750 0.616088 0.595052 0.619744 0.596354 0.625229 0.595052 0.630713 0.598958 0.628885 0.601562 0.627057 0.601562 0.619744 0.598958 0.617916 0.596354 0.617916 0.592448 0.612431 0.593750 0.608775 0.596354 0.601463 0.600260 0.594150 0.602865 0.586837 0.601562 0.572212 0.604167 0.559415 0.605469 0.553931 0.608073 0.548446 0.610677 0.544790 0.614583 0.542962 0.615885 0.541133 0.617188 0.537477 0.614583 0.530165 0.614583 0.511883 0.617188 0.506399 0.621094 0.502742 0.625000 0.497258 0.630208 0.491773 0.639323 0.491773 0.638021 0.484461 0.635417 0.484461 0.634115 0.482633 0.630208 0.482633 0.627604 0.480804 0.626302 0.473492 0.630208 0.468007 0.634115 0.466179 0.638021 0.462523 0.638021 0.457038 0.639323 0.451554 0.639323 0.446069
0 0.891927 0.433272 0.888021 0.435101 0.886719 0.440585 0.882812 0.442413 0.876302 0.438757 0.876302 0.442413 0.875000 0.447898 0.876302 0.460695 0.876302 0.466179 0.875000 0.468007 0.875000 0.475320 0.875000 0.493601 0.872396 0.495430 0.867188 0.495430 0.868490 0.499086 0.867188 0.502742 0.863281 0.508227 0.859375 0.508227 0.854167 0.500914 0.854167 0.495430 0.850260 0.497258 0.843750 0.493601 0.841146 0.489945 0.839844 0.495430 0.841146 0.499086 0.835938 0.506399 0.830729 0.504570 0.829427 0.508227 0.832031 0.510055 0.834635 0.513711 0.835938 0.517367 0.834635 0.526508 0.837240 0.531993 0.837240 0.537477 0.838542 0.539305 0.837240 0.544790 0.842448 0.548446 0.843750 0.555759 0.847656 0.557587 0.850260 0.563071 0.852865 0.572212 0.855469 0.575868 0.863281 0.577697 0.863281 0.572212 0.861979 0.564899 0.863281 0.555759 0.867188 0.548446 0.868490 0.539305 0.872396 0.530165 0.876302 0.528336 0.878906 0.524680 0.877604 0.521024 0.880208 0.517367 0.880208 0.513711 0.880208 0.508227 0.877604 0.502742 0.878906 0.495430 0.881510 0.495430 0.885417 0.489945 0.886719 0.486289 0.888021 0.478976 0.890625 0.473492 0.894531 0.466179 0.898438 0.460695 0.904948 0.458867 0.907552 0.453382 0.907552 0.447898 0.899740 0.447898 0.897135 0.447898 0.894531 0.444241 0.894531 0.440585 0.897135 0.436929 0.895833 0.435101 0.898438 0.431444 0.895833 0.431444
0 0.286458 0.418647 0.286458 0.422303 0.286458 0.425960 0.290365 0.433272 0.292969 0.438757 0.296875 0.438757 0.298177 0.444241 0.302083 0.444241 0.303385 0.449726 0.305990 0.453382 0.308594 0.457038 0.315104 0.464351 0.320312 0.466179 0.322917 0.468007 0.322917 0.477148 0.325521 0.477148 0.326823 0.477148 0.329427 0.484461 0.332031 0.484461 0.334635 0.486289 0.334635 0.480804 0.332031 0.477148 0.332031 0.468007 0.330729 0.466179 0.330729 0.462523 0.326823 0.458867 0.324219 0.453382 0.322917 0.447898 0.321615 0.446069 0.316406 0.440585 0.316406 0.435101 0.311198 0.436929 0.305990 0.425960 0.300781 0.425960 0.294271 0.418647 0.290365 0.416819
0 0.105469 0.367459 0.100260 0.371115 0.100260 0.376600 0.097656 0.383912 0.097656 0.394881 0.095052 0.394881 0.093750 0.400366 0.093750 0.404022 0.095052 0.418647 0.093750 0.422303 0.092448 0.425960 0.088542 0.431444 0.084635 0.427788 0.080729 0.427788 0.082031 0.433272 0.079427 0.436929 0.083333 0.446069 0.085938 0.451554 0.082031 0.457038 0.079427 0.458867 0.082031 0.462523 0.087240 0.466179 0.087240 0.471664 0.084635 0.475320 0.085938 0.478976 0.084635 0.482633 0.079427 0.489945 0.072917 0.489945 0.071615 0.488117 0.065104 0.488117 0.062500 0.489945 0.061198 0.504570 0.061198 0.511883 0.063802 0.519196 0.063802 0.530165 0.065104 0.535649 0.066406 0.541133 0.070312 0.542962 0.069010 0.546618 0.070312 0.550274 0.072917 0.553931 0.074219 0.557587 0.071615 0.564899 0.071615 0.568556 0.072917 0.572212 0.074219 0.574040 0.076823 0.575868 0.082031 0.575868 0.085938 0.572212 0.088542 0.568556 0.087240 0.564899 0.088542 0.561243 0.092448 0.553931 0.093750 0.550274 0.095052 0.542962 0.095052 0.539305 0.093750 0.533821 0.091146 0.530165 0.091146 0.526508 0.093750 0.521024 0.100260 0.511883 0.102865 0.504570 0.106771 0.495430 0.108073 0.491773 0.108073 0.488117 0.110677 0.480804 0.105469 0.480804 0.098958 0.486289 0.095052 0.484461 0.095052 0.477148 0.097656 0.475320 0.102865 0.468007 0.105469 0.464351 0.105469 0.455210 0.105469 0.453382 0.108073 0.447898 0.105469 0.444241 0.104167 0.446069 0.101562 0.442413 0.101562 0.438757 0.104167 0.431444 0.108073 0.429616 0.106771 0.422303 0.104167 0.418647 0.104167 0.414991 0.105469 0.407678 0.106771 0.402194 0.108073 0.396709 0.111979 0.394881 0.111979 0.387569 0.109375 0.378428 0.110677 0.374771 0.108073 0.367459
0 0.180990 0.351005 0.175781 0.352834 0.169271 0.356490 0.166667 0.356490 0.166667 0.360146 0.165365 0.363803 0.165365 0.372943 0.166667 0.376600 0.170573 0.382084 0.170573 0.383912 0.173177 0.387569 0.174479 0.387569 0.178385 0.393053 0.182292 0.400366 0.183594 0.405850 0.182292 0.409506 0.183594 0.405850 0.184896 0.411335 0.188802 0.411335 0.191406 0.414991 0.191406 0.416819 0.194010 0.420475 0.194010 0.424132 0.190104 0.425960 0.192708 0.433272 0.194010 0.433272 0.196615 0.436929 0.199219 0.442413 0.199219 0.446069 0.200521 0.449726 0.207031 0.453382 0.203125 0.455210 0.201823 0.457038 0.199219 0.457038 0.195312 0.455210 0.191406 0.447898 0.184896 0.440585 0.179688 0.436929 0.175781 0.435101 0.167969 0.436929 0.167969 0.444241 0.171875 0.446069 0.171875 0.447898 0.173177 0.449726 0.175781 0.451554 0.179688 0.451554 0.182292 0.453382 0.184896 0.455210 0.188802 0.460695 0.191406 0.462523 0.196615 0.464351 0.199219 0.466179 0.201823 0.469835 0.203125 0.477148 0.205729 0.477148 0.210938 0.478976 0.213542 0.480804 0.216146 0.484461 0.217448 0.491773 0.217448 0.497258 0.217448 0.508227 0.216146 0.511883 0.212240 0.517367 0.210938 0.521024 0.210938 0.526508 0.216146 0.530165 0.220052 0.531993 0.223958 0.535649 0.227865 0.541133 0.227865 0.544790 0.227865 0.548446 0.222656 0.555759 0.216146 0.553931 0.216146 0.557587 0.216146 0.561243 0.218750 0.568556 0.221354 0.572212 0.222656 0.572212 0.223958 0.577697 0.227865 0.577697 0.230469 0.581353 0.231771 0.586837 0.234375 0.590494 0.236979 0.592322 0.242188 0.590494 0.243490 0.586837 0.240885 0.574040 0.242188 0.566728 0.247396 0.548446 0.248698 0.537477 0.246094 0.537477 0.247396 0.531993 0.243490 0.530165 0.239583 0.522852 0.238281 0.519196 0.238281 0.515539 0.240885 0.511883 0.240885 0.508227 0.243490 0.504570 0.243490 0.500914 0.243490 0.497258 0.240885 0.493601 0.239583 0.484461 0.238281 0.482633 0.234375 0.478976 0.238281 0.475320 0.239583 0.473492 0.242188 0.462523 0.239583 0.460695 0.244792 0.457038 0.246094 0.453382 0.244792 0.447898 0.246094 0.442413 0.252604 0.422303 0.252604 0.411335 0.255208 0.402194 0.250000 0.400366 0.255208 0.398537 0.253906 0.383912 0.255208 0.378428 0.251302 0.378428 0.246094 0.378428 0.247396 0.382084 0.244792 0.387569 0.246094 0.394881 0.243490 0.398537 0.240885 0.394881 0.242188 0.391225 0.239583 0.387569 0.231771 0.385740 0.238281 0.383912 0.236979 0.380256 0.235677 0.376600 0.234375 0.372943 0.229167 0.371115 0.226562 0.372943 0.225260 0.376600 0.225260 0.382084 0.227865 0.391225 0.230469 0.391225 0.233073 0.398537 0.239583 0.407678 0.239583 0.407678 0.242188 0.411335 0.243490 0.416819 0.242188 0.422303 0.240885 0.425960 0.236979 0.429616 0.238281 0.438757 0.238281 0.455210 0.233073 0.458867 0.231771 0.466179 0.231771 0.473492 0.231771 0.477148 0.227865 0.482633 0.225260 0.484461 0.222656 0.484461 0.220052 0.482633 0.212240 0.471664 0.212240 0.468007 0.213542 0.457038 0.212240 0.453382 0.207031 0.449726 0.209635 0.436929 0.212240 0.431444 0.209635 0.427788 0.209635 0.433272 0.207031 0.436929 0.204427 0.438757 0.203125 0.435101 0.200521 0.433272 0.200521 0.429616 0.203125 0.420475 0.203125 0.416819 0.200521 0.413163 0.199219 0.409506 0.201823 0.405850 0.200521 0.396709 0.197917 0.396709 0.192708 0.389397 0.194010 0.378428 0.191406 0.367459 0.194010 0.365631 0.191406 0.367459 0.188802 0.363803 0.187500 0.363803
0 0.783854 0.319927 0.783854 0.323583 0.785156 0.327239 0.786458 0.327239 0.789062 0.330896 0.792969 0.330896 0.795573 0.334552 0.800781 0.334552 0.802083 0.338208 0.804688 0.340037 0.807292 0.340037 0.811198 0.343693 0.822917 0.345521 0.812500 0.347349 0.805990 0.352834 0.804688 0.356490 0.807292 0.356490 0.809896 0.358318 0.813802 0.363803 0.815104 0.367459 0.817708 0.376600 0.817708 0.382084 0.821615 0.387569 0.822917 0.391225 0.824219 0.394881 0.824219 0.400366 0.819010 0.407678 0.815104 0.398537 0.811198 0.396709 0.807292 0.398537 0.804688 0.396709 0.799479 0.391225 0.799479 0.387569 0.795573 0.383912 0.794271 0.380256 0.794271 0.376600 0.792969 0.372943 0.789062 0.371115 0.786458 0.376600 0.783854 0.372943 0.781250 0.372943 0.777344 0.372943 0.777344 0.376600 0.778646 0.382084 0.777344 0.391225 0.779948 0.391225 0.789062 0.396709 0.792969 0.396709 0.796875 0.398537 0.798177 0.402194 0.798177 0.411335 0.803385 0.409506 0.809896 0.414991 0.817708 0.409506 0.819010 0.414991 0.822917 0.420475 0.821615 0.424132 0.817708 0.425960 0.821615 0.427788 0.826823 0.431444 0.826823 0.435101 0.826823 0.440585 0.826823 0.442413 0.825521 0.444241 0.822917 0.446069 0.816406 0.447898 0.815104 0.455210 0.815104 0.458867 0.817708 0.460695 0.824219 0.458867 0.826823 0.458867 0.829427 0.460695 0.833333 0.466179 0.833333 0.469835 0.837240 0.475320 0.837240 0.478976 0.842448 0.486289 0.842448 0.482633 0.845052 0.469835 0.850260 0.462523 0.851562 0.458867 0.851562 0.451554 0.847656 0.453382 0.845052 0.453382 0.843750 0.458867 0.841146 0.457038 0.837240 0.457038 0.838542 0.451554 0.839844 0.446069 0.843750 0.438757 0.843750 0.431444 0.846354 0.427788 0.848958 0.427788 0.846354 0.425960 0.851562 0.422303 0.847656 0.420475 0.848958 0.416819 0.852865 0.411335 0.855469 0.409506 0.859375 0.411335 0.861979 0.409506 0.863281 0.404022 0.868490 0.396709 0.869792 0.391225 0.868490 0.378428 0.872396 0.371115 0.876302 0.365631 0.881510 0.361974 0.890625 0.363803 0.893229 0.363803 0.894531 0.358318 0.893229 0.352834 0.890625 0.347349 0.888021 0.343693 0.889323 0.334552 0.886719 0.336380 0.884115 0.338208 0.880208 0.343693 0.880208 0.349177 0.877604 0.356490 0.875000 0.360146 0.871094 0.361974 0.863281 0.369287 0.856771 0.376600 0.852865 0.371115 0.851562 0.363803 0.851562 0.360146 0.854167 0.356490 0.851562 0.358318 0.847656 0.358318 0.842448 0.352834 0.845052 0.354662 0.843750 0.361974 0.846354 0.365631 0.846354 0.372943 0.850260 0.382084 0.851562 0.387569 0.851562 0.391225 0.850260 0.404022 0.845052 0.411335 0.842448 0.411335 0.841146 0.414991 0.842448 0.424132 0.835938 0.433272 0.833333 0.433272 0.830729 0.429616 0.829427 0.424132 0.830729 0.416819 0.828125 0.404022 0.828125 0.400366 0.832031 0.396709 0.832031 0.393053 0.833333 0.387569 0.829427 0.393053 0.825521 0.378428 0.829427 0.369287 0.829427 0.365631 0.826823 0.367459 0.822917 0.361974 0.820312 0.356490 0.821615 0.354662 0.820312 0.351005 0.822917 0.345521 0.820312 0.341865 0.821615 0.329068 0.813802 0.329068 0.808594 0.334552 0.804688 0.329068 0.798177 0.323583 0.794271 0.319927 0.787760 0.318099
0 0.863281 0.310786 0.860677 0.314442 0.859375 0.319927 0.863281 0.319927
0 0.027344 0.301645 0.024740 0.303473 0.024740 0.310786 0.023438 0.312614 0.023438 0.325411 0.022135 0.329068 0.018229 0.334552 0.011719 0.332724 0.011719 0.336380 0.011719 0.341865 0.014323 0.345521 0.016927 0.343693 0.020833 0.347349 0.023438 0.351005 0.022135 0.354662 0.023438 0.356490 0.019531 0.358318 0.019531 0.361974 0.020833 0.365631 0.019531 0.369287 0.015625 0.372943 0.015625 0.376600 0.019531 0.382084 0.022135 0.389397 0.027344 0.391225 0.020833 0.393053 0.019531 0.398537 0.016927 0.402194 0.014323 0.404022 0.011719 0.404022 0.009115 0.400366 0.009115 0.393053 0.006510 0.393053 0.001302 0.394881 0.003906 0.402194 0.007812 0.404022 0.010417 0.411335 0.014323 0.418647 0.020833 0.422303 0.015625 0.425960 0.016927 0.427788 0.015625 0.433272 0.018229 0.438757 0.018229 0.442413 0.018229 0.447898 0.024740 0.451554 0.024740 0.455210 0.018229 0.462523 0.016927 0.464351 0.015625 0.468007 0.014323 0.475320 0.005208 0.488117 0.005208 0.491773 0.007812 0.493601 0.003906 0.497258 0.001302 0.500914 0.001302 0.504570 0.003906 0.510055 0.002604 0.517367 0.001302 0.577697 0.003906 0.579525 0.002604 0.575868 0.003906 0.570384 0.006510 0.566728 0.007812 0.561243 0.006510 0.559415 0.007812 0.544790 0.005208 0.535649 0.003906 0.524680 0.003906 0.519196 0.010417 0.513711 0.013021 0.510055 0.014323 0.504570 0.015625 0.504570 0.018229 0.500914 0.018229 0.495430 0.013021 0.497258 0.009115 0.495430 0.006510 0.491773 0.006510 0.488117 0.009115 0.484461 0.011719 0.482633 0.019531 0.480804 0.020833 0.482633 0.028646 0.480804 0.028646 0.477148 0.027344 0.471664 0.029948 0.468007 0.029948 0.462523 0.037760 0.455210 0.036458 0.451554 0.036458 0.446069 0.033854 0.447898 0.031250 0.446069 0.028646 0.442413 0.026042 0.435101 0.027344 0.431444 0.031250 0.427788 0.027344 0.427788 0.024740 0.422303 0.019531 0.420475 0.023438 0.418647 0.029948 0.409506 0.032552 0.407678 0.036458 0.407678 0.039062 0.405850 0.041667 0.402194 0.044271 0.400366 0.045573 0.402194 0.048177 0.398537 0.049479 0.398537 0.052083 0.387569 0.044271 0.389397 0.040365 0.394881 0.037760 0.394881 0.031250 0.404022 0.027344 0.402194 0.026042 0.398537 0.026042 0.389397 0.026042 0.378428 0.027344 0.374771 0.028646 0.371115 0.031250 0.367459 0.036458 0.363803 0.040365 0.361974 0.046875 0.361974 0.049479 0.360146 0.052083 0.356490 0.050781 0.351005 0.052083 0.349177 0.044271 0.349177 0.042969 0.352834 0.041667 0.351005 0.039062 0.352834 0.036458 0.356490 0.036458 0.358318 0.035156 0.361974 0.031250 0.358318 0.029948 0.354662 0.024740 0.352834 0.029948 0.349177 0.032552 0.345521 0.039062 0.338208 0.037760 0.327239 0.042969 0.316271 0.041667 0.312614 0.040365 0.308958 0.035156 0.301645
0 0.845052 0.279707 0.845052 0.292505 0.847656 0.301645 0.847656 0.307130 0.845052 0.314442 0.845052 0.323583 0.847656 0.329068 0.847656 0.334552 0.848958 0.338208 0.852865 0.345521 0.855469 0.345521 0.855469 0.332724 0.859375 0.330896 0.859375 0.327239 0.860677 0.323583 0.856771 0.327239 0.852865 0.325411 0.852865 0.323583 0.851562 0.319927 0.854167 0.310786 0.854167 0.290676 0.852865 0.285192 0.851562 0.279707 0.847656 0.281536
0 0.878906 0.277879 0.876302 0.279707 0.875000 0.316271 0.873698 0.321755 0.871094 0.325411 0.871094 0.330896 0.868490 0.334552 0.869792 0.340037 0.867188 0.343693 0.873698 0.336380 0.875000 0.332724 0.873698 0.330896 0.875000 0.327239 0.877604 0.323583 0.880208 0.321755 0.882812 0.319927 0.886719 0.319927 0.889323 0.316271 0.891927 0.316271 0.894531 0.312614 0.897135 0.312614 0.899740 0.310786 0.903646 0.305302 0.903646 0.296161 0.898438 0.296161 0.891927 0.299817 0.890625 0.307130 0.889323 0.301645 0.884115 0.299817 0.885417 0.288848 0.885417 0.281536 0.884115 0.277879
0 0.442708 0.254113 0.441406 0.257770 0.441406 0.261426 0.445312 0.266910 0.450521 0.268739 0.454427 0.266910 0.458333 0.270567 0.463542 0.272395 0.468750 0.270567 0.466146 0.272395 0.464844 0.266910 0.460938 0.261426 0.455729 0.257770 0.449219 0.254113
0 0.821615 0.206581 0.819010 0.208410 0.816406 0.210238 0.812500 0.217550 0.809896 0.215722 0.807292 0.217550 0.807292 0.228519 0.804688 0.232176 0.802083 0.234004 0.796875 0.234004 0.792969 0.230347 0.790365 0.230347 0.787760 0.234004 0.787760 0.239488 0.790365 0.246801 0.790365 0.254113 0.787760 0.257770 0.790365 0.257770 0.794271 0.257770 0.798177 0.261426 0.800781 0.265082 0.802083 0.268739 0.803385 0.272395 0.804688 0.277879 0.804688 0.292505 0.800781 0.296161 0.798177 0.299817 0.799479 0.303473 0.803385 0.305302 0.805990 0.307130 0.807292 0.308958 0.808594 0.314442 0.813802 0.321755 0.813802 0.325411 0.820312 0.325411 0.820312 0.319927 0.822917 0.316271 0.822917 0.312614 0.824219 0.308958 0.828125 0.301645 0.829427 0.297989 0.830729 0.290676 0.833333 0.287020 0.834635 0.277879 0.832031 0.277879 0.828125 0.281536 0.825521 0.292505 0.822917 0.296161 0.820312 0.297989 0.817708 0.294333 0.816406 0.290676 0.816406 0.281536 0.816406 0.277879 0.817708 0.274223 0.821615 0.272395 0.819010 0.268739 0.817708 0.268739 0.815104 0.265082 0.815104 0.261426 0.817708 0.254113 0.820312 0.250457 0.822917 0.248629 0.826823 0.248629 0.830729 0.246801 0.833333 0.244973 0.834635 0.243144 0.838542 0.237660 0.839844 0.234004 0.838542 0.224863 0.834635 0.223035 0.826823 0.223035 0.825521 0.217550 0.825521 0.210238
0 0.442708 0.201097 0.444010 0.208410 0.445312 0.213894 0.447917 0.213894 0.450521 0.215722 0.454427 0.213894 0.458333 0.217550 0.463542 0.219378 0.463542 0.215722 0.459635 0.213894 0.455729 0.202925 0.453125 0.202925 0.449219 0.201097
0 0.454427 0.184644 0.451823 0.188300 0.455729 0.193784 0.459635 0.195612 0.462240 0.195612 0.463542 0.191956 0.466146 0.191956 0.463542 0.191956 0.462240 0.188300
0 0.446615 0.157221 0.444010 0.160878 0.444010 0.166362 0.444010 0.171846 0.446615 0.170018 0.459635 0.171846 0.462240 0.171846 0.464844 0.173675 0.470052 0.180987 0.473958 0.188300 0.470052 0.190128 0.468750 0.193784 0.470052 0.197441 0.471354 0.201097 0.472656 0.202925 0.475260 0.204753 0.471354 0.208410 0.468750 0.212066 0.468750 0.215722 0.466146 0.219378 0.470052 0.226691 0.470052 0.234004 0.468750 0.237660 0.466146 0.241316 0.463542 0.243144 0.460938 0.239488 0.459635 0.239488 0.457031 0.234004 0.453125 0.232176 0.450521 0.234004 0.451823 0.241316 0.455729 0.243144 0.460938 0.243144 0.466146 0.244973 0.468750 0.248629 0.468750 0.248629 0.471354 0.252285 0.471354 0.255941 0.473958 0.259598 0.473958 0.263254 0.476562 0.266910 0.473958 0.268739 0.470052 0.274223 0.470052 0.279707 0.475260 0.292505 0.475260 0.301645 0.475260 0.305302 0.470052 0.312614 0.467448 0.312614 0.462240 0.307130 0.457031 0.299817 0.447917 0.294333 0.445312 0.294333 0.441406 0.296161 0.441406 0.305302 0.444010 0.305302 0.447917 0.305302 0.457031 0.308958 0.460938 0.310786 0.464844 0.314442 0.468750 0.318099 0.472656 0.325411 0.468750 0.330896 0.466146 0.330896 0.468750 0.334552 0.475260 0.340037 0.476562 0.345521 0.475260 0.349177 0.472656 0.352834 0.467448 0.352834 0.464844 0.347349 0.459635 0.341865 0.455729 0.338208 0.453125 0.338208 0.450521 0.340037 0.450521 0.343693 0.453125 0.349177 0.457031 0.352834 0.460938 0.354662 0.464844 0.354662 0.471354 0.358318 0.475260 0.363803 0.476562 0.367459 0.475260 0.371115 0.476562 0.376600 0.479167 0.382084 0.486979 0.383912 0.479167 0.387569 0.480469 0.389397 0.477865 0.393053 0.476562 0.393053 0.472656 0.396709 0.470052 0.393053 0.464844 0.389397 0.464844 0.383912 0.462240 0.380256 0.463542 0.374771 0.462240 0.371115 0.460938 0.367459 0.455729 0.361974 0.453125 0.361974 0.449219 0.361974 0.450521 0.367459 0.451823 0.371115 0.447917 0.374771 0.446615 0.382084 0.447917 0.387569 0.451823 0.389397 0.454427 0.389397 0.457031 0.393053 0.463542 0.394881 0.463542 0.400366 0.460938 0.407678 0.463542 0.409506 0.466146 0.407678 0.468750 0.409506 0.471354 0.411335 0.475260 0.416819 0.481771 0.427788 0.479167 0.431444 0.477865 0.436929 0.473958 0.440585 0.471354 0.438757 0.468750 0.435101 0.460938 0.435101 0.458333 0.438757 0.459635 0.442413 0.462240 0.444241 0.466146 0.444241 0.468750 0.446069 0.472656 0.451554 0.470052 0.460695 0.472656 0.460695 0.475260 0.458867 0.477865 0.453382 0.483073 0.453382 0.485677 0.455210 0.485677 0.451554 0.488281 0.442413 0.488281 0.433272 0.489583 0.429616 0.494792 0.420475 0.496094 0.416819 0.493490 0.405850 0.494792 0.400366 0.494792 0.396709 0.492188 0.396709 0.490885 0.400366 0.488281 0.409506 0.485677 0.411335 0.484375 0.398537 0.486979 0.387569 0.486979 0.383912 0.484375 0.380256 0.483073 0.371115 0.484375 0.367459 0.486979 0.363803 0.488281 0.363803 0.490885 0.354662 0.488281 0.356490 0.484375 0.351005 0.479167 0.349177 0.484375 0.347349 0.488281 0.341865 0.489583 0.338208 0.485677 0.332724 0.485677 0.329068 0.486979 0.325411 0.485677 0.321755 0.483073 0.318099 0.483073 0.310786 0.483073 0.307130 0.477865 0.305302 0.481771 0.303473 0.484375 0.299817 0.484375 0.296161 0.488281 0.288848 0.488281 0.283364 0.492188 0.277879 0.493490 0.274223 0.494792 0.268739 0.492188 0.268739 0.489583 0.268739 0.486979 0.270567 0.483073 0.276051 0.481771 0.268739 0.484375 0.265082 0.489583 0.265082 0.490885 0.259598 0.490885 0.257770 0.494792 0.255941 0.494792 0.248629 0.488281 0.250457 0.486979 0.250457 0.485677 0.255941 0.483073 0.259598 0.480469 0.261426 0.477865 0.257770 0.479167 0.243144 0.479167 0.239488 0.479167 0.234004 0.477865 0.232176 0.480469 0.228519 0.481771 0.224863 0.479167 0.219378 0.477865 0.208410 0.480469 0.202925 0.480469 0.195612 0.476562 0.190128 0.475260 0.182815 0.476562 0.179159 0.480469 0.175503 0.483073 0.170018 0.483073 0.162706 0.480469 0.159049 0.476562 0.157221 0.467448 0.157221 0.466146 0.164534 0.457031 0.166362 0.451823 0.160878 0.449219 0.160878
0 0.268229 0.131627 0.259115 0.135283 0.259115 0.137112 0.257812 0.140768 0.260417 0.146252 0.259115 0.149909 0.252604 0.155393 0.252604 0.159049 0.252604 0.164534 0.256510 0.166362 0.259115 0.164534 0.261719 0.166362 0.266927 0.173675 0.265625 0.177331 0.266927 0.180987 0.270833 0.182815 0.274740 0.180987 0.277344 0.182815 0.281250 0.186472 0.281250 0.191956 0.283854 0.195612 0.287760 0.197441 0.294271 0.204753 0.291667 0.206581 0.290365 0.212066 0.296875 0.213894 0.286458 0.217550 0.283854 0.217550 0.276042 0.208410 0.274740 0.202925 0.266927 0.199269 0.264323 0.199269 0.261719 0.195612 0.261719 0.199269 0.260417 0.202925 0.261719 0.208410 0.265625 0.219378 0.270833 0.221207 0.277344 0.217550 0.281250 0.217550 0.282552 0.221207 0.289062 0.223035 0.292969 0.228519 0.296875 0.239488 0.299479 0.239488 0.300781 0.243144 0.299479 0.244973 0.300781 0.250457 0.303385 0.248629 0.308594 0.255941 0.309896 0.261426 0.311198 0.263254 0.316406 0.268739 0.316406 0.270567 0.320312 0.276051 0.317708 0.283364 0.320312 0.287020 0.320312 0.288848 0.324219 0.292505 0.325521 0.296161 0.328125 0.299817 0.328125 0.303473 0.328125 0.310786 0.326823 0.314442 0.321615 0.321755 0.317708 0.316271 0.316406 0.308958 0.313802 0.303473 0.309896 0.303473 0.308594 0.301645 0.305990 0.299817 0.303385 0.296161 0.302083 0.292505 0.300781 0.277879 0.302083 0.272395 0.294271 0.276051 0.292969 0.272395 0.291667 0.270567 0.291667 0.266910 0.291667 0.261426 0.283854 0.265082 0.279948 0.259598 0.269531 0.252285 0.263021 0.250457 0.260417 0.254113 0.259115 0.250457 0.260417 0.254113 0.259115 0.259598 0.260417 0.266910 0.264323 0.270567 0.268229 0.272395 0.269531 0.276051 0.269531 0.285192 0.272135 0.285192 0.282552 0.287020 0.282552 0.290676 0.277344 0.297989 0.270833 0.299817 0.272135 0.303473 0.283854 0.305302 0.289062 0.301645 0.292969 0.307130 0.303385 0.307130 0.303385 0.310786 0.304688 0.316271 0.312500 0.323583 0.317708 0.323583 0.319010 0.329068 0.322917 0.330896 0.322917 0.332724 0.325521 0.338208 0.320312 0.345521 0.317708 0.343693 0.315104 0.341865 0.313802 0.336380 0.308594 0.336380 0.307292 0.340037 0.307292 0.343693 0.309896 0.343693 0.313802 0.345521 0.321615 0.345521 0.325521 0.349177 0.328125 0.352834 0.329427 0.358318 0.329427 0.363803 0.330729 0.371115 0.333333 0.374771 0.332031 0.380256 0.332031 0.385740 0.328125 0.391225 0.324219 0.389397 0.322917 0.391225 0.317708 0.382084 0.316406 0.378428 0.317708 0.376600 0.315104 0.372943 0.313802 0.367459 0.311198 0.367459 0.313802 0.372943 0.308594 0.382084 0.302083 0.371115 0.302083 0.363803 0.299479 0.367459 0.294271 0.365631 0.290365 0.361974 0.286458 0.361974 0.282552 0.369287 0.283854 0.372943 0.287760 0.378428 0.290365 0.378428 0.292969 0.380256 0.296875 0.385740 0.302083 0.385740 0.305990 0.389397 0.307292 0.387569 0.317708 0.394881 0.319010 0.393053 0.320312 0.396709 0.324219 0.398537 0.328125 0.404022 0.332031 0.407678 0.335938 0.409506 0.341146 0.414991 0.342448 0.422303 0.343750 0.425960 0.348958 0.433272 0.350260 0.440585 0.347656 0.442413 0.345052 0.444241 0.342448 0.442413 0.337240 0.440585 0.338542 0.444241 0.343750 0.451554 0.343750 0.455210 0.347656 0.458867 0.348958 0.464351 0.352865 0.478976 0.347656 0.486289 0.347656 0.491773 0.341146 0.499086 0.334635 0.491773 0.332031 0.495430 0.332031 0.497258 0.329427 0.500914 0.330729 0.502742 0.328125 0.506399 0.332031 0.508227 0.333333 0.517367 0.337240 0.524680 0.337240 0.531993 0.334635 0.535649 0.332031 0.537477 0.329427 0.537477 0.326823 0.533821 0.326823 0.531993 0.322917 0.524680 0.320312 0.524680 0.317708 0.521024 0.309896 0.524680 0.309896 0.528336 0.309896 0.531993 0.311198 0.535649 0.312500 0.539305 0.316406 0.544790 0.317708 0.544790 0.320312 0.548446 0.321615 0.552102 0.321615 0.557587 0.320312 0.559415 0.320312 0.572212 0.321615 0.581353 0.322917 0.585009 0.325521 0.588665 0.326823 0.597806 0.329427 0.601463 0.337240 0.608775 0.339844 0.605119 0.343750 0.603291 0.351562 0.595978 0.352865 0.590494 0.351562 0.585009 0.348958 0.581353 0.342448 0.581353 0.339844 0.579525 0.338542 0.577697 0.338542 0.575868 0.337240 0.572212 0.339844 0.566728 0.342448 0.563071 0.343750 0.563071 0.346354 0.559415 0.346354 0.555759 0.350260 0.546618 0.356771 0.541133 0.356771 0.530165 0.355469 0.524680 0.356771 0.521024 0.364583 0.513711 0.364583 0.510055 0.363281 0.502742 0.364583 0.495430 0.369792 0.491773 0.373698 0.488117 0.377604 0.489945 0.380208 0.486289 0.382812 0.480804 0.382812 0.478976 0.386719 0.477148 0.386719 0.473492 0.388021 0.469835 0.386719 0.462523 0.389323 0.460695 0.386719 0.462523 0.385417 0.460695 0.382812 0.462523 0.380208 0.466179 0.380208 0.468007 0.376302 0.469835 0.372396 0.478976 0.364583 0.480804 0.364583 0.486289 0.363281 0.489945 0.360677 0.493601 0.358073 0.495430 0.355469 0.493601 0.352865 0.489945 0.354167 0.488117 0.351562 0.484461 0.351562 0.480804 0.352865 0.478976 0.354167 0.464351 0.361979 0.458867 0.365885 0.455210 0.369792 0.447898 0.369792 0.444241 0.371094 0.440585 0.368490 0.438757 0.365885 0.442413 0.363281 0.442413 0.360677 0.438757 0.361979 0.433272 0.360677 0.425960 0.363281 0.422303 0.363281 0.418647 0.371094 0.409506 0.373698 0.405850 0.372396 0.402194 0.373698 0.398537 0.377604 0.396709 0.380208 0.393053 0.378906 0.387569 0.380208 0.382084 0.382812 0.378428 0.384115 0.372943 0.385417 0.361974 0.391927 0.352834 0.393229 0.347349 0.395833 0.341865 0.399740 0.338208 0.401042 0.332724 0.401042 0.327239 0.399740 0.323583 0.395833 0.316271 0.390625 0.314442 0.388021 0.318099 0.386719 0.325411 0.388021 0.330896 0.386719 0.334552 0.384115 0.338208 0.382812 0.338208 0.378906 0.343693 0.373698 0.345521 0.373698 0.352834 0.375000 0.367459 0.372396 0.374771 0.371094 0.382084 0.376302 0.383912 0.369792 0.385740 0.368490 0.387569 0.365885 0.387569 0.365885 0.391225 0.359375 0.400366 0.356771 0.409506 0.354167 0.416819 0.351562 0.422303 0.347656 0.416819 0.347656 0.409506 0.345052 0.409506 0.346354 0.405850 0.345052 0.400366 0.348958 0.391225 0.346354 0.378428 0.347656 0.374771 0.350260 0.367459 0.348958 0.363803 0.352865 0.349177 0.351562 0.345521 0.352865 0.336380 0.360677 0.327239 0.364583 0.319927 0.359375 0.318099 0.356771 0.308958 0.356771 0.301645 0.360677 0.297989 0.363281 0.292505 0.364583 0.292505 0.367188 0.288848 0.367188 0.285192 0.367188 0.279707 0.361979 0.279707 0.359375 0.281536 0.354167 0.288848 0.354167 0.296161 0.351562 0.297989 0.352865 0.301645 0.351562 0.307130 0.348958 0.310786 0.347656 0.318099 0.347656 0.321755 0.347656 0.327239 0.348958 0.330896 0.347656 0.345521 0.345052 0.356490 0.346354 0.360146 0.343750 0.369287 0.342448 0.374771 0.345052 0.383912 0.345052 0.387569 0.345052 0.394881 0.345052 0.398537 0.345052 0.400366 0.345052 0.404022 0.338542 0.404022 0.337240 0.400366 0.337240 0.393053 0.335938 0.387569 0.334635 0.382084 0.330729 0.378428 0.333333 0.376600 0.332031 0.371115 0.333333 0.361974 0.332031 0.351005 0.333333 0.347349 0.335938 0.343693 0.337240 0.340037 0.337240 0.336380 0.334635 0.336380 0.332031 0.336380 0.330729 0.336380 0.328125 0.332724 0.326823 0.329068 0.326823 0.325411 0.329427 0.319927 0.329427 0.312614 0.330729 0.307130 0.334635 0.303473 0.335938 0.299817 0.338542 0.290676 0.343750 0.283364 0.345052 0.277879 0.347656 0.268739 0.347656 0.261426 0.338542 0.259598 0.346354 0.257770 0.348958 0.257770 0.351562 0.254113 0.351562 0.250457 0.351562 0.248629 0.354167 0.244973 0.354167 0.237660 0.355469 0.232176 0.356771 0.228519 0.359375 0.224863 0.360677 0.219378 0.361979 0.213894 0.363281 0.206581 0.359375 0.195612 0.361979 0.193784 0.359375 0.195612 0.354167 0.193784 0.351562 0.202925 0.351562 0.208410 0.348958 0.212066 0.348958 0.215722 0.346354 0.219378 0.345052 0.226691 0.345052 0.234004 0.343750 0.241316 0.341146 0.244973 0.341146 0.248629 0.338542 0.252285 0.338542 0.259598 0.339844 0.265082 0.342448 0.268739 0.337240 0.270567 0.337240 0.276051 0.334635 0.285192 0.335938 0.288848 0.334635 0.292505 0.329427 0.297989 0.328125 0.290676 0.325521 0.288848 0.326823 0.283364 0.321615 0.276051 0.320312 0.266910 0.322917 0.265082 0.321615 0.263254 0.320312 0.266910 0.319010 0.259598 0.322917 0.243144 0.322917 0.234004 0.325521 0.234004 0.325521 0.226691 0.324219 0.219378 0.326823 0.215722 0.328125 0.204753 0.334635 0.195612 0.335938 0.184644 0.333333 0.184644 0.330729 0.184644 0.328125 0.182815 0.326823 0.180987 0.324219 0.171846 0.317708 0.173675 0.316406 0.177331 0.317708 0.184644 0.320312 0.191956 0.320312 0.197441 0.320312 0.210238 0.320312 0.213894 0.317708 0.226691 0.317708 0.234004 0.319010 0.237660 0.313802 0.243144 0.312500 0.246801 0.311198 0.241316 0.308594 0.237660 0.302083 0.232176 0.303385 0.228519 0.300781 0.224863 0.299479 0.217550 0.302083 0.208410 0.300781 0.201097 0.298177 0.202925 0.295573 0.199269 0.298177 0.190128 0.298177 0.162706 0.292969 0.164534 0.292969 0.171846 0.290365 0.175503 0.290365 0.177331 0.289062 0.179159 0.287760 0.179159 0.283854 0.179159 0.283854 0.173675 0.281250 0.168190 0.277344 0.166362 0.273438 0.160878 0.273438 0.159049 0.270833 0.155393 0.273438 0.149909 0.273438 0.146252 0.272135 0.142596 0.270833 0.137112 0.269531 0.137112
0 0.557292 0.073126 0.555990 0.076782 0.554688 0.082267 0.554688 0.093236 0.557292 0.102377 0.555990 0.106033 0.557292 0.109689 0.559896 0.115174 0.559896 0.118830 0.553385 0.127971 0.549479 0.124314 0.548177 0.117002 0.542969 0.117002 0.546875 0.120658 0.545573 0.126143 0.553385 0.133455 0.554688 0.138940 0.557292 0.144424 0.559896 0.148080 0.554688 0.153565 0.552083 0.153565 0.545573 0.140768 0.540365 0.137112 0.531250 0.135283 0.531250 0.142596 0.539062 0.151737 0.542969 0.155393 0.546875 0.157221 0.549479 0.160878 0.552083 0.164534 0.557292 0.171846 0.558594 0.180987 0.562500 0.182815 0.563802 0.186472 0.562500 0.191956 0.566406 0.193784 0.566406 0.199269 0.570312 0.201097 0.570312 0.202925 0.574219 0.208410 0.572917 0.210238 0.578125 0.215722 0.578125 0.217550 0.580729 0.221207 0.582031 0.219378 0.585938 0.223035 0.589844 0.228519 0.591146 0.232176 0.591146 0.237660 0.588542 0.241316 0.582031 0.241316 0.579427 0.237660 0.575521 0.237660 0.575521 0.241316 0.575521 0.244973 0.578125 0.244973 0.580729 0.244973 0.583333 0.246801 0.585938 0.248629 0.591146 0.255941 0.592448 0.259598 0.592448 0.266910 0.589844 0.272395 0.591146 0.276051 0.595052 0.283364 0.593750 0.285192 0.595052 0.288848 0.589844 0.294333 0.585938 0.301645 0.585938 0.303473 0.583333 0.307130 0.579427 0.307130 0.576823 0.303473 0.576823 0.296161 0.575521 0.292505 0.572917 0.288848 0.571615 0.283364 0.571615 0.277879 0.569010 0.272395 0.569010 0.266910 0.567708 0.263254 0.563802 0.254113 0.561198 0.254113 0.555990 0.250457 0.549479 0.248629 0.549479 0.252285 0.550781 0.257770 0.554688 0.263254 0.553385 0.265082 0.554688 0.268739 0.555990 0.270567 0.557292 0.270567 0.561198 0.274223 0.563802 0.277879 0.566406 0.283364 0.567708 0.290676 0.570312 0.296161 0.572917 0.299817 0.574219 0.299817 0.576823 0.303473 0.574219 0.305302 0.576823 0.303473 0.579427 0.307130 0.578125 0.314442 0.576823 0.318099 0.572917 0.319927 0.571615 0.325411 0.569010 0.323583 0.565104 0.318099 0.561198 0.307130 0.558594 0.301645 0.554688 0.296161 0.550781 0.296161 0.549479 0.299817 0.553385 0.301645 0.557292 0.308958 0.557292 0.314442 0.561198 0.316271 0.561198 0.318099 0.563802 0.321755 0.567708 0.327239 0.567708 0.332724 0.562500 0.340037 0.557292 0.340037 0.558594 0.336380 0.554688 0.327239 0.550781 0.325411 0.550781 0.330896 0.555990 0.341865 0.557292 0.340037 0.559896 0.343693 0.559896 0.347349 0.558594 0.351005 0.555990 0.356490 0.553385 0.360146 0.552083 0.360146 0.549479 0.363803 0.548177 0.367459 0.545573 0.363803 0.540365 0.361974 0.544271 0.360146 0.541667 0.351005 0.541667 0.347349 0.542969 0.336380 0.539062 0.330896 0.537760 0.327239 0.537760 0.318099 0.535156 0.312614 0.535156 0.307130 0.532552 0.297989 0.531250 0.292505 0.526042 0.294333 0.524740 0.297989 0.524740 0.310786 0.526042 0.316271 0.527344 0.321755 0.529948 0.325411 0.531250 0.329068 0.532552 0.334552 0.533854 0.347349 0.532552 0.351005 0.535156 0.354662 0.535156 0.356490 0.541667 0.363803 0.537760 0.369287 0.533854 0.369287 0.535156 0.380256 0.536458 0.387569 0.537760 0.391225 0.541667 0.393053 0.540365 0.400366 0.539062 0.404022 0.537760 0.407678 0.533854 0.413163 0.529948 0.413163 0.527344 0.407678 0.524740 0.400366 0.524740 0.387569 0.522135 0.389397 0.519531 0.383912 0.516927 0.382084 0.515625 0.383912 0.513021 0.382084 0.515625 0.383912 0.514323 0.387569 0.516927 0.398537 0.519531 0.402194 0.520833 0.405850 0.520833 0.411335 0.519531 0.413163 0.518229 0.416819 0.515625 0.414991 0.513021 0.418647 0.513021 0.422303 0.513021 0.425960 0.515625 0.435101 0.516927 0.438757 0.510417 0.447898 0.506510 0.458867 0.507812 0.460695 0.506510 0.466179 0.503906 0.469835 0.500000 0.469835 0.497396 0.466179 0.497396 0.464351 0.497396 0.460695 0.494792 0.462523 0.497396 0.466179 0.496094 0.469835 0.490885 0.475320 0.488281 0.471664 0.484375 0.469835 0.484375 0.473492 0.484375 0.478976 0.480469 0.484461 0.477865 0.493601 0.477865 0.499086 0.476562 0.502742 0.473958 0.506399 0.466146 0.506399 0.463542 0.502742 0.458333 0.500914 0.455729 0.510055 0.455729 0.522852 0.460938 0.531993 0.462240 0.535649 0.463542 0.539305 0.463542 0.557587 0.464844 0.564899 0.467448 0.570384 0.471354 0.575868 0.473958 0.581353 0.476562 0.581353 0.480469 0.581353 0.483073 0.581353 0.485677 0.577697 0.484375 0.570384 0.485677 0.559415 0.488281 0.550274 0.489583 0.544790 0.488281 0.539305 0.489583 0.530165 0.492188 0.522852 0.494792 0.513711 0.496094 0.510055 0.498698 0.504570 0.506510 0.497258 0.506510 0.493601 0.506510 0.489945 0.502604 0.480804 0.503906 0.475320 0.502604 0.471664 0.506510 0.466179 0.513021 0.462523 0.516927 0.457038 0.516927 0.455210 0.523438 0.446069 0.527344 0.444241 0.528646 0.442413 0.531250 0.435101 0.528646 0.433272 0.532552 0.431444 0.535156 0.429616 0.539062 0.424132 0.540365 0.418647 0.541667 0.416819 0.545573 0.414991 0.546875 0.409506 0.548177 0.405850 0.552083 0.400366 0.554688 0.396709 0.557292 0.396709 0.559896 0.398537 0.566406 0.405850 0.570312 0.404022 0.571615 0.385740 0.569010 0.385740 0.563802 0.385740 0.555990 0.387569 0.550781 0.391225 0.550781 0.394881 0.546875 0.394881 0.541667 0.389397 0.542969 0.385740 0.546875 0.378428 0.552083 0.369287 0.557292 0.365631 0.559896 0.363803 0.562500 0.365631 0.565104 0.361974 0.565104 0.358318 0.567708 0.352834 0.570312 0.349177 0.572917 0.347349 0.578125 0.351005 0.580729 0.351005 0.579427 0.343693 0.578125 0.340037 0.580729 0.340037 0.582031 0.334552 0.583333 0.334552 0.585938 0.330896 0.584635 0.329068 0.587240 0.323583 0.591146 0.318099 0.593750 0.316271 0.598958 0.319927 0.601562 0.318099 0.597656 0.310786 0.597656 0.307130 0.601562 0.301645 0.605469 0.297989 0.609375 0.297989 0.613281 0.301645 0.618490 0.301645 0.619792 0.297989 0.617188 0.294333 0.610677 0.292505 0.606771 0.285192 0.608073 0.281536 0.610677 0.277879 0.614583 0.276051 0.623698 0.279707 0.622396 0.276051 0.623698 0.272395 0.626302 0.268739 0.628906 0.268739 0.632812 0.272395 0.636719 0.272395 0.638021 0.274223 0.640625 0.274223 0.641927 0.272395 0.644531 0.272395 0.645833 0.268739 0.644531 0.265082 0.640625 0.259598 0.639323 0.254113 0.640625 0.252285 0.638021 0.246801 0.640625 0.243144 0.644531 0.241316 0.647135 0.241316 0.649740 0.243144 0.649740 0.239488 0.647135 0.235832 0.641927 0.234004 0.639323 0.228519 0.644531 0.221207 0.648438 0.223035 0.651042 0.223035 0.651042 0.219378 0.653646 0.219378 0.656250 0.215722 0.658854 0.213894 0.667969 0.215722 0.670573 0.215722 0.678385 0.213894 0.680990 0.212066 0.684896 0.206581 0.683594 0.199269 0.679688 0.197441 0.677083 0.195612 0.670573 0.197441 0.666667 0.195612 0.667969 0.190128 0.670573 0.190128 0.673177 0.188300 0.674479 0.190128 0.679688 0.188300 0.686198 0.180987 0.687500 0.180987 0.690104 0.180987 0.692708 0.177331 0.691406 0.173675 0.694010 0.168190 0.694010 0.162706 0.688802 0.162706 0.682292 0.164534 0.678385 0.166362 0.675781 0.168190 0.670573 0.173675 0.666667 0.173675 0.666667 0.179159 0.665365 0.184644 0.664062 0.190128 0.666667 0.193784 0.665365 0.197441 0.660156 0.204753 0.652344 0.206581 0.645833 0.215722 0.643229 0.215722 0.639323 0.210238 0.639323 0.206581 0.639323 0.202925 0.641927 0.199269 0.641927 0.195612 0.640625 0.193784 0.639323 0.190128 0.638021 0.191956 0.632812 0.188300 0.630208 0.190128 0.630208 0.195612 0.630208 0.201097 0.634115 0.202925 0.639323 0.213894 0.638021 0.217550 0.634115 0.223035 0.631510 0.223035 0.628906 0.219378 0.628906 0.217550 0.625000 0.212066 0.625000 0.204753 0.622396 0.204753 0.622396 0.208410 0.625000 0.212066 0.625000 0.217550 0.627604 0.223035 0.628906 0.241316 0.627604 0.244973 0.625000 0.248629 0.621094 0.248629 0.618490 0.250457 0.615885 0.250457 0.615885 0.254113 0.614583 0.263254 0.613281 0.266910 0.605469 0.277879 0.601562 0.279707 0.598958 0.277879 0.596354 0.272395 0.596354 0.268739 0.597656 0.263254 0.600260 0.259598 0.598958 0.252285 0.601562 0.244973 0.600260 0.237660 0.601562 0.234004 0.605469 0.228519 0.605469 0.223035 0.602865 0.221207 0.601562 0.223035 0.598958 0.219378 0.598958 0.213894 0.595052 0.210238 0.596354 0.206581 0.598958 0.202925 0.606771 0.197441 0.606771 0.193784 0.606771 0.190128 0.602865 0.180987 0.604167 0.177331 0.606771 0.171846 0.606771 0.168190 0.605469 0.160878 0.604167 0.151737 0.600260 0.144424 0.606771 0.137112 0.609375 0.133455 0.611979 0.127971 0.610677 0.122486 0.606771 0.120658 0.602865 0.115174 0.602865 0.107861 0.606771 0.098720 0.608073 0.085923 0.608073 0.082267 0.605469 0.074954 0.602865 0.073126 0.596354 0.073126 0.591146 0.078611 0.591146 0.082267 0.589844 0.084095 0.588542 0.091408 0.588542 0.098720 0.592448 0.118830 0.588542 0.131627 0.588542 0.135283 0.589844 0.144424 0.591146 0.149909 0.592448 0.153565 0.591146 0.170018 0.595052 0.179159 0.591146 0.180987 0.593750 0.184644 0.595052 0.206581 0.592448 0.208410 0.591146 0.212066 0.584635 0.212066 0.583333 0.206581 0.576823 0.204753 0.582031 0.202925 0.582031 0.197441 0.579427 0.193784 0.579427 0.190128 0.575521 0.184644 0.575521 0.177331 0.572917 0.173675 0.571615 0.166362 0.566406 0.157221 0.561198 0.149909 0.559896 0.144424 0.565104 0.133455 0.565104 0.129799 0.562500 0.126143 0.567708 0.124314 0.567708 0.115174 0.570312 0.106033 0.569010 0.102377 0.571615 0.091408 0.571615 0.087751 0.571615 0.078611 0.566406 0.073126 0.565104 0.074954
0 0.529948 0.049360 0.529948 0.053016 0.528646 0.058501 0.528646 0.063985 0.531250 0.069470 0.531250 0.076782 0.533854 0.080439 0.535156 0.085923 0.533854 0.089580 0.531250 0.093236 0.522135 0.091408 0.519531 0.095064 0.519531 0.098720 0.519531 0.104205 0.526042 0.113346 0.531250 0.117002 0.531250 0.120658 0.529948 0.124314 0.531250 0.120658 0.533854 0.122486 0.533854 0.117002 0.540365 0.107861 0.540365 0.104205 0.542969 0.100548 0.544271 0.095064 0.542969 0.084095 0.545573 0.078611 0.546875 0.067642 0.546875 0.063985 0.544271 0.058501 0.542969 0.058501 0.540365 0.054845 0.540365 0.053016 0.539062 0.051188 0.536458 0.049360 0.532552 0.049360
0 0.459635 0.049360 0.457031 0.051188 0.455729 0.053016 0.454427 0.056673 0.454427 0.065814 0.458333 0.076782 0.459635 0.089580 0.458333 0.104205 0.462240 0.106033 0.464844 0.117002 0.473958 0.118830 0.464844 0.120658 0.457031 0.127971 0.453125 0.118830 0.449219 0.117002 0.449219 0.115174 0.447917 0.109689 0.444010 0.107861 0.444010 0.106033 0.440104 0.104205 0.434896 0.096892 0.432292 0.095064 0.428385 0.095064 0.425781 0.095064 0.425781 0.098720 0.424479 0.102377 0.425781 0.113346 0.424479 0.117002 0.425781 0.113346 0.428385 0.115174 0.430990 0.122486 0.434896 0.126143 0.442708 0.127971 0.446615 0.133455 0.449219 0.133455 0.455729 0.133455 0.457031 0.127971 0.458333 0.133455 0.466146 0.140768 0.466146 0.148080 0.464844 0.146252 0.460938 0.149909 0.458333 0.148080 0.455729 0.148080 0.458333 0.151737 0.463542 0.153565 0.476562 0.153565 0.477865 0.146252 0.480469 0.142596 0.480469 0.126143 0.475260 0.124314 0.472656 0.120658 0.473958 0.118830 0.472656 0.115174 0.473958 0.104205 0.471354 0.096892 0.473958 0.062157 0.473958 0.056673 0.471354 0.053016 0.467448 0.053016 0.466146 0.047532 0.463542 0.047532
0 0.665365 0.040219 0.658854 0.045704 0.654948 0.051188 0.651042 0.063985 0.649740 0.073126 0.651042 0.078611 0.648438 0.089580 0.649740 0.098720 0.645833 0.106033 0.645833 0.111517 0.651042 0.117002 0.652344 0.122486 0.649740 0.126143 0.653646 0.129799 0.661458 0.129799 0.664062 0.140768 0.660156 0.144424 0.657552 0.148080 0.656250 0.146252 0.652344 0.149909 0.647135 0.149909 0.643229 0.144424 0.641927 0.137112 0.639323 0.135283 0.635417 0.137112 0.635417 0.144424 0.639323 0.151737 0.639323 0.155393 0.634115 0.160878 0.635417 0.166362 0.636719 0.170018 0.639323 0.179159 0.640625 0.186472 0.643229 0.182815 0.644531 0.182815 0.645833 0.177331 0.647135 0.173675 0.652344 0.166362 0.654948 0.162706 0.658854 0.160878 0.662760 0.155393 0.667969 0.153565 0.666667 0.146252 0.664062 0.144424 0.670573 0.137112 0.673177 0.135283 0.675781 0.137112 0.680990 0.133455 0.684896 0.135283 0.688802 0.133455 0.692708 0.131627 0.699219 0.127971 0.699219 0.124314 0.699219 0.117002 0.692708 0.113346 0.688802 0.111517 0.684896 0.111517 0.679688 0.117002 0.677083 0.115174 0.673177 0.117002 0.669271 0.122486 0.666667 0.124314 0.664062 0.124314 0.661458 0.118830 0.664062 0.117002 0.664062 0.113346 0.665365 0.107861 0.665365 0.102377 0.673177 0.091408 0.675781 0.084095 0.674479 0.080439 0.671875 0.073126 0.674479 0.063985 0.675781 0.056673 0.675781 0.047532 0.674479 0.042048 0.670573 0.040219